[WaferCassette]
IDNUM NAME SLOTS LowOffset Pitch ChuckPos

[LineInfoData]
IDNUM McNum McMdln McName StartBeam BeamNum Pass SecMntHld PrevMachine NextMachine
35 1 0x52100 "NPM-1" 1 2 0 0 0 0

[BeamData]
IDNUM Head NzlChg BulkFdr StickFdr CutUnit Ccamera Camera LeadChk Sensor3D BGACSP SPNzl LoadCntl TrayMagazine DblFdrUse HeadType NzlChgKind NzlSlots NzlBigSlots Flux ConvTime DHHighScan FdrTblType FdrSlots FrameType TraySlots TraySize EjCnv Stage ExConv ExBigNzl Lane SlowDown TM Hs8NzlChg PCBWarpMeasurement HighSpd HeightSensor AutoPinChg ConvLen CustomTray NPMExConvL NPMExConvR ThinTypeSingleFdr TallComp PIP COAXIAL LeadAdjust HeadCamera PcbHolder LCR BackLight PartsBCR CompactCart TrayStocker EnvAdjust GangTkup SlotNumbering
1 1 1 0 1 1 1 1 0 0 1 0 0 0 2 14 1 16 0 0 100 0 3 30 0 0 0 0 3 0 0 9 0 0 0 0 0 0 0 0 0 0 1 0 0 0 0 0 1 0 0 0 0 0 0 0 0 0
2 2 1 0 0 1 1 1 0 0 0 0 0 0 2 17 0 32 0 0 100 0 3 30 0 0 0 0 3 0 0 9 0 0 0 0 0 0 0 0 0 0 1 0 0 0 0 0 1 0 0 0 0 0 0 0 0 0

[FdrTblMode]
IDNUM Head NowStation FdrTblMode Pass Type TapeCutLength
1 1 2 JOINT NO 0 0
2 2 2 JOINT NO 0 0

[WaferCassetteStock]
IDNUM TABLE CASSETTE

[LotNames]
IDNUM LotNum Lot MCFileName Filter AutoChg BaseChg Lane ProductionID SimProduct DGSPCBName DGSPCBRev DGSPCBSide DGSRefPin C DataGenMode MountHead VSTPath Order TargetTact C2
320 1 "INI7_repair_EBT67952406_EAX70043606" "INI7_repair_EBT67952406_EAX70043606" 0 0 0 1 "" 0 "line7new" "1" "T" "" "" 0 0 "" 0 0 ""

[ArrangementGroupProducts]
IDNUM Group Lot SameGroup
320 1 1 0

[ArrangementGroupCondValue<1>]
Value1=""
Value2=""
Value3=""
Value4=""
Value5=""
Value6=""
Value7=""
Value8=""
Value9=""
Value10=""

[PartsData]
IDNUM NAME EX LNAME FA FB FC FD FE FF FG FH FI FJ REELS CHIP Shape MCOND DCOND DCOND2 ICOND SKIP A PACK PACKB SSIZE RETRY ESTOP ThrowAway LandA LandB LandC LandD PreSend NoArrange Proved UsePeriod C CoverSize Teach C2 RETRYCOUNT ESTOPCOUNT RETRYCOUNT2 SICOND HRMCOND HPICOND SL InCOND FeederEX MSD NPI LCR REELTYPECHG FEEDLENCHG SpliceFlag SpliceLength PUSH BCD WaferPUCOND WAFER SpliceDetectRemain JointChkRemain JointUnpassedRemain AdhCoverTape NoAutoDivide PREMICOND TapeEnd ReelDiameter Alt AltNum MFR MPN GenInfo
1 "EAE61081701" 0 "ohm" 302182 302502 337582 338382 0 0 0 0 0 0 1 0 1 1 0 0 0 0 0.000 0 0 0 3 3 0 0 0 0 0 0 0 0 0 "C3216_T1.6" 0 2 "0" 0 3 1 0 0 0 "" 0 0 0 0 0 0 0 0 0 0 0 0 0 0.000 0.000 0.000 0 0 0 0 0 0 0 "" "" 0
2 "0CK474DK56A" 0 "ohm" 302182 302502 337582 338382 0 0 0 0 0 0 1 0 2 2 0 0 0 0 0.000 0 0 0 3 3 0 0 0 0 0 0 0 0 0 "C2012_T1.25" 0 2 "" 0 3 1 0 0 0 "" 0 0 0 0 0 0 0 0 0 0 0 0 0 0.000 0.000 0.000 0 0 0 0 0 0 0 "" "" 0
14 "EAM38769505" 0 "ohm" 302162 302482 337562 338362 350962 0 0 0 0 0 1 0 14 14 0 0 0 0 0.000 0 0 0 3 3 0 0 0 0 0 0 0 0 0 "C2012_T0.85" 0 2 "0" 0 3 1 0 0 0 "" 0 0 0 0 0 0 0 0 0 0 0 0 0 0.000 0.000 0.000 0 0 0 0 0 0 0 "" "" 0
15 "0TRKE80046A" 0 "ohm" 302182 302502 337582 338382 0 0 0 0 0 0 1 0 15 15 0 0 0 0 90.000 0 0 0 3 3 0 0 0 0 0 0 0 0 0 "MINI TR 3PIN" 0 2 "0" 0 3 1 0 0 0 "" 0 0 0 0 0 0 0 0 0 0 0 0 0 0.000 0.000 0.000 0 0 0 0 0 0 0 "" "" 0
20 "EAE52158501" 0 "ohm" 302182 302502 337582 338382 0 0 0 0 0 0 1 0 20 20 0 0 0 0 0.000 0 0 0 3 3 0 0 0 0 0 0 0 0 0 "C2012_T1.25" 0 2 "0" 0 3 1 0 0 0 "" 0 0 0 0 0 0 0 0 0 0 0 0 0 0.000 0.000 0.000 0 0 0 0 0 0 0 "" "" 0
70 "0CC820BKFAA" 0 "ohm" 302161 302481 337561 338361 350961 0 0 0 0 0 1 0 70 70 0 0 0 0 0.000 0 0 0 3 3 0 0 0 0 0 0 0 0 0 "C1005_T0.5" 0 2 "" 0 3 1 0 0 0 "" 0 0 0 0 0 0 0 0 0 0 0 0 0 0.000 0.000 0.000 0 0 0 0 0 0 0 "" "" 0
295 "0CK475DD56A" 0 "ohm" 302182 302502 337582 338382 0 0 0 0 0 0 1 0 295 295 0 0 0 0 0.000 0 0 0 3 3 0 0 0 0 0 0 0 0 0 "C2012_T1.25" 0 2 "" 0 3 1 0 0 0 "" 0 0 0 0 0 0 0 0 0 0 0 0 0 0.000 0.000 0.000 0 0 0 0 0 0 0 "" "" 0
306 "0CK680BK4DA" 0 "ohm" 302161 302481 337561 338361 350961 0 0 0 0 0 1 0 306 306 0 0 0 0 0.000 0 0 0 3 3 0 0 0 0 0 0 0 0 0 "C1005_T0.5" 0 2 "" 0 3 1 0 0 0 "" 0 0 0 0 0 0 0 0 0 0 0 0 0 0.000 0.000 0.000 0 0 0 0 0 0 0 "" "" 0
648 "0RJ0000C678" 0 "ohm" 302161 302481 337561 338361 350961 0 0 0 0 0 1 0 648 648 0 0 0 0 0.000 0 0 0 3 3 0 0 0 0 0 0 0 0 0 "R1005_T0.35" 0 2 "" 0 3 1 0 0 0 "" 0 0 0 0 0 0 0 0 0 0 0 0 0 0.000 0.000 0.000 0 0 0 0 0 0 0 "" "" 0
680 "0RJ0331D677" 0 "ohm" 302162 302482 337562 338362 350962 0 0 0 0 0 1 165 680 680 0 0 0 0 0.000 90 0 0 3 3 0 0 0 0 0 0 0 0 0 "R1608_T0.45" 0 2 "" 0 3 1 0 0 0 "" 0 0 0 0 0 0 0 0 0 0 0 0 0 0.000 0.000 0.000 0 0 0 0 0 0 0 "" "" 0
716 "0RJ0752C678" 0 "ohm" 302161 302481 337561 338361 350961 0 0 0 0 0 1 0 716 716 0 0 0 0 0.000 0 0 0 3 3 0 0 0 0 0 0 0 0 0 "R1005_T0.35" 0 2 "" 0 3 1 0 0 0 "" 0 0 0 0 0 0 0 0 0 0 0 0 0 0.000 0.000 0.000 0 0 0 0 0 0 0 "" "" 0
718 "0RJ0752D477" 0 "ohm" 302162 302482 337562 338362 350962 0 0 0 0 0 1 184 718 718 0 0 0 0 0.000 90 0 0 3 3 0 0 0 0 0 0 0 0 0 "R1608_T0.45" 0 2 "" 0 3 1 0 0 0 "" 0 0 0 0 0 0 0 0 0 0 0 0 0 0.000 0.000 0.000 0 0 0 0 0 0 0 "" "" 0
821 "0RJ2002C678" 0 "ohm" 302161 302481 337561 338361 350961 0 0 0 0 0 1 0 821 821 0 0 0 0 0.000 0 0 0 3 3 0 0 0 0 0 0 0 0 0 "R1005_T0.35" 0 2 "" 0 3 1 0 0 0 "" 0 0 0 0 0 0 0 0 0 0 0 0 0 0.000 0.000 0.000 0 0 0 0 0 0 0 "" "" 0
852 "0RJ2492C478" 0 "ohm" 302161 302481 337561 338361 350961 0 0 0 0 0 1 0 852 852 0 0 0 0 0.000 0 0 0 3 3 0 0 0 0 0 0 0 0 0 "R1005_T0.35" 0 2 "" 0 3 1 0 0 0 "" 0 0 0 0 0 0 0 0 0 0 0 0 0 0.000 0.000 0.000 0 0 0 0 0 0 0 "" "" 0
890 "0RJ3302D477" 0 "ohm" 302162 302482 337562 338362 350962 0 0 0 0 0 1 276 890 890 0 0 0 0 0.000 90 0 0 3 3 0 0 0 0 0 0 0 0 0 "R1608_T0.45" 0 2 "" 0 3 1 0 0 0 "" 0 0 0 0 0 0 0 0 0 0 0 0 0 0.000 0.000 0.000 0 0 0 0 0 0 0 "" "" 0
1148 "EAE58112401" 0 "ohm" 302161 302481 337561 338361 350961 0 0 0 0 0 1 0 1148 1148 0 0 0 0 0.000 0 0 0 3 3 0 0 0 0 0 0 0 0 0 "C1005_T0.5" 0 2 "" 0 3 1 0 0 0 "" 0 0 0 0 0 0 0 0 0 0 0 0 0 0.000 0.000 0.000 0 0 0 0 0 0 0 "" "" 0
1568 "EAE62772301" 0 "ohm" 302182 302502 337582 338382 0 0 0 0 0 0 1 0 1568 1568 0 0 0 0 0.000 0 0 0 3 3 0 0 0 0 0 0 0 0 0 "C2012_T1.25" 0 2 "" 0 3 1 0 0 0 "" 0 0 0 0 0 0 0 0 0 0 0 0 0 0.000 0.000 0.000 0 0 0 0 0 0 0 "" "" 0
1803 "EBK61913702" 0 "ohm" 302182 302502 337582 338382 0 0 0 0 0 0 1 0 1803 1803 0 0 0 0 90.000 0 0 0 3 3 0 0 0 0 0 0 0 0 0 "minitr-3pin" 0 2 "" 0 3 1 0 0 0 "" 0 0 0 0 0 0 0 0 0 0 0 0 0 0.000 0.000 0.000 0 0 0 0 0 0 0 "" "" 0
2184 "EAG65031501" 0 "ohm" 302823 0 0 0 0 0 0 0 0 0 1 0 2184 2184 0 0 0 0 0.000 0 0 0 3 3 0 0 0 0 0 0 0 0 0 "Gasket_3t" 0 2 "" 0 3 1 0 0 0 "" 0 0 0 0 0 0 0 0 0 0 0 0 0 0.000 0.000 0.000 0 0 0 0 0 0 0 "" "" 0
2185 "MDS65793801" 0 "ohm" 302822 0 0 0 0 0 0 0 0 0 1 0 2185 2185 0 0 0 0 0.000 0 0 0 3 3 0 0 0 0 0 0 0 0 0 "Gasket_3t" 0 2 "" 0 2 1 0 0 0 "" 0 0 0 0 0 0 1 0 0 0 0 0 0 0.000 0.000 0.000 0 0 0 0 0 0 0 "" "" 0
2191 "EAN64429401" 0 "ohm" 302823 0 0 0 0 0 0 0 0 0 1 0 2191 2191 0 0 0 0 0.000 0 0 0 3 3 0 0 0 0 0 0 0 0 0 "SOP_8PIN" 0 2 "" 2 1 1 0 0 0 "" 0 0 0 0 0 0 0 0 0 0 0 0 0 0.000 0.000 0.000 0 0 0 0 0 0 0 "" "" 0
2202 "EBC62857610" 0 "ohm" 302161 302481 337561 338361 350961 0 0 0 0 0 1 0 2202 2202 0 0 0 0 0.000 0 0 0 3 3 0 0 0 0 0 0 0 0 0 "R1005_T0.35" 0 2 "" 0 3 1 0 0 0 "" 0 0 0 0 0 0 0 0 0 0 0 0 0 0.000 0.000 0.000 0 0 0 0 0 0 0 "" "" 0
2206 "EAN64387501" 0 "ohm" 302182 302502 337582 338382 0 0 0 0 0 0 1 597 2206 2206 0 0 0 0 90.000 180 0 0 3 3 0 0 0 0 0 0 0 0 0 "minitr_6P" 0 2 "" 0 1 1 0 0 0 "" 0 0 0 0 0 0 0 0 0 0 0 0 0 0.000 0.000 0.000 0 0 0 0 0 0 0 "" "" 0
2254 "EAN64989601" 0 "ohm" 302823 0 0 0 0 0 0 0 0 0 1 0 2254 2254 0 0 0 0 0.000 0 0 0 3 3 0 0 0 0 0 0 0 0 0 "QFN_28P" 0 2 "" 2 1 1 0 0 0 "" 0 0 0 0 0 0 0 0 0 0 0 0 0 0.000 0.000 0.000 0 0 0 0 0 0 0 "" "" 0
2283 "EAW40110703" 0 "ohm" 302022 302342 337422 338222 0 0 0 0 0 0 1 0 2283 2283 0 0 0 0 0.000 0 0 0 3 3 0 0 0 0 0 0 0 0 0 "CRYSTAL_T0.65" 0 2 "0" 0 1 1 0 0 0 "" 0 0 0 0 0 0 0 0 0 0 0 0 0 0.000 0.000 0.000 0 0 0 0 0 0 0 "" "" 0
2286 "EAV61935201" 0 "ohm" 302182 302502 337582 338382 0 0 0 0 0 0 1 0 2286 2286 0 0 0 0 0.000 0 0 0 3 3 0 0 0 0 0 0 0 0 0 "LED-2pin" 0 2 "" 0 3 1 0 0 0 "" 0 0 0 0 0 0 0 0 0 0 0 0 0 0.000 0.000 0.000 0 0 0 0 0 0 0 "" "" 0
2413 "EAH64532601" 0 "ohm" 302182 302502 337582 338382 0 0 0 0 0 0 1 0 2413 2413 0 0 0 0 0.000 0 0 0 3 3 0 0 0 0 0 0 0 0 0 "sminidiode-2pin" 0 2 "" 0 3 0 0 0 0 "" 0 0 0 0 0 0 0 0 0 0 0 0 0 0.000 0.000 0.000 0 0 0 0 0 0 0 "" "" 0
2419 "EAN65566601" 0 "ohm" 302823 0 0 0 0 0 0 0 0 0 1 0 2419 2419 0 0 0 0 0.000 0 0 0 3 3 0 0 0 0 0 0 0 0 0 "QFN_20P" 0 2 "" 2 1 1 0 0 0 "" 0 0 0 0 0 0 0 0 0 0 0 0 0 0.000 0.000 0.000 0 0 0 0 0 0 0 "" "" 0
2471 "EAN64668801" 0 "ohm" 302022 302342 337422 338222 0 0 0 0 0 0 1 0 2471 2471 0 0 0 0 0.000 0 0 0 3 3 0 0 0 0 0 0 0 0 0 "QFN 12PIN" 0 2 "" 2 1 1 0 0 0 "" 0 0 0 0 0 0 0 0 0 0 0 0 0 0.000 0.000 0.000 0 0 0 0 0 0 0 "" "" 0
2481 "EAH64894901" 0 "ohm" 302182 302502 337582 338382 0 0 0 0 0 0 1 651 2481 2481 0 0 0 0 0.000 -90 0 0 3 3 0 0 0 0 0 0 0 0 0 "sminidiode-2pin" 0 2 "" 0 3 1 0 0 0 "" 0 0 0 0 0 0 0 0 0 0 0 0 0 0.000 0.000 0.000 0 0 0 0 0 0 0 "" "" 0
2482 "EAW61645510" 0 "ohm" 302022 302342 337422 338222 0 0 0 0 0 0 1 0 2482 2482 0 0 0 0 0.000 0 0 0 3 3 0 0 0 0 0 0 0 0 0 "CRYSTAL_T0.65" 0 2 "" 0 1 1 0 0 0 "" 0 0 0 0 0 0 0 0 0 0 0 0 0 0.000 0.000 0.000 0 0 0 0 0 0 0 "" "" 0
2485 "EAP65069901" 0 "ohm" 303624 0 0 0 0 0 0 0 0 0 1 0 2485 2485 0 0 0 0 0.000 0 0 0 3 3 0 0 0 0 0 0 0 0 0 "Coil_5t" 0 2 "" 0 3 1 0 0 0 "" 0 0 0 0 0 0 0 0 0 0 0 0 0 0.000 0.000 0.000 0 0 0 0 0 0 0 "" "" 0
2488 "EAP65048202" 0 "ohm" 302823 0 0 0 0 0 0 0 0 0 1 0 2488 2488 0 0 0 0 0.000 0 0 0 3 3 0 0 0 0 0 0 0 0 0 "COIL_4.35t" 0 2 "" 0 3 1 0 0 0 "" 0 0 0 0 0 0 0 0 0 0 0 0 0 0.000 0.000 0.000 0 0 0 0 0 0 0 "" "" 0
2535 "EAE66007201" 0 "ohm" 303624 0 0 0 0 0 0 0 0 0 1 655 2535 2535 0 0 0 0 0.000 -90 0 0 3 3 0 0 0 0 0 0 0 0 0 "ALU9085_T6.45" 0 2 "" 2 1 1 0 0 0 "" 0 0 0 0 0 0 0 0 0 0 0 0 0 0.000 0.000 0.000 0 0 0 0 0 0 0 "" "" 0
2537 "EAP65069501" 0 "ohm" 303624 0 0 0 0 0 0 0 0 0 1 0 2537 2537 0 0 0 0 0.000 0 0 0 3 3 0 0 0 0 0 0 0 0 0 "Coil_2.85t" 0 2 "" 0 3 1 0 0 0 "" 0 0 0 0 0 0 0 0 0 0 0 0 0 0.000 0.000 0.000 0 0 0 0 0 0 0 "" "" 0
2598 "EAN66321201" 0 "ohm" 302823 0 0 0 0 0 0 0 0 0 1 0 2598 2598 0 0 0 0 0.000 0 0 0 3 3 0 0 0 0 0 0 0 0 0 "QFN_16P" 0 2 "" 0 3 1 0 0 0 "" 0 0 0 0 0 0 0 0 0 0 0 0 0 0.000 0.000 0.000 0 0 0 0 0 0 0 "" "" 0
2609 "0RJ0391E472" 0 "ohm" 302162 302482 337562 338362 350962 0 0 0 0 0 1 670 2609 2609 0 0 0 0 0.000 90 0 0 3 3 0 0 0 0 0 0 0 0 0 "R2012_T0.5" 0 2 "" 0 3 1 0 0 0 "" 0 0 0 0 0 0 0 0 0 0 0 0 0 0.000 0.000 0.000 0 0 0 0 0 0 0 "" "" 0
2620 "EAH65065001" 0 "ohm" 302182 302502 337582 338382 0 0 0 0 0 0 1 0 2620 2620 0 0 0 0 90.000 0 0 0 3 3 0 0 0 0 0 0 0 0 0 "MINI TR 3PIN" 0 2 "" 0 3 1 0 0 0 "" 0 0 0 0 0 0 0 0 0 0 0 0 0 0.000 0.000 0.000 0 0 0 0 0 0 0 "" "" 0
2874 "EAV62054902" 0 "ohm" 303623 360243 361243 0 0 0 0 0 0 0 1 0 2874 2874 0 0 0 0 0.000 0 0 0 3 3 0 0 0 0 0 0 0 0 0 "Connector-1 Side" 0 2 "" 0 3 1 0 0 0 "" 0 0 0 0 0 0 0 0 0 0 0 0 0 0.000 0.000 0.000 0 0 0 0 0 0 0 "" "" 0
2915 "EAF64547503" 0 "ohm" 302161 302481 337561 338361 350961 0 0 0 0 0 1 0 2915 2915 0 0 0 0 0.000 0 0 0 3 3 0 0 0 0 0 0 0 0 0 "C1005_T0.5" 0 2 "" 0 3 1 0 0 0 "" 0 0 0 0 0 0 0 0 0 0 0 0 0 0.000 0.000 0.000 0 0 0 0 0 0 0 "" "" 0
2948 "EAE66279001" 0 "ohm" 302182 302502 337582 338382 360152 361152 0 0 0 0 1 730 2948 2948 0 0 0 0 0.000 90 0 0 3 3 0 0 0 0 0 0 0 0 0 "C3216_T1.15" 0 2 "" 0 3 1 0 0 0 "" 0 0 0 0 0 0 0 0 0 0 0 0 0 0.000 0.000 0.000 0 0 0 0 0 0 0 "" "" 0
3021 "EAN66411201" 0 "ohm" 302182 302502 337582 338382 0 0 0 0 0 0 1 0 3021 3021 0 0 0 0 90.000 0 0 0 3 3 0 0 0 0 0 0 0 0 0 "minitr_6P" 0 2 "" 0 1 1 0 0 0 "" 0 0 0 0 0 0 0 0 0 0 0 0 0 0.000 0.000 0.000 0 0 0 0 0 0 0 "" "" 0
3083 "0RJ9100C478" 0 "ohm" 302161 302481 337561 338361 350961 360091 361091 0 0 0 1 0 3083 3083 0 0 0 0 0.000 0 0 0 3 3 0 0 0 0 0 0 0 0 0 "R1005_T0.35" 0 2 "" 0 3 1 0 0 0 "" 0 0 0 0 0 0 0 0 0 0 0 0 0 0.000 0.000 0.000 0 0 0 0 0 0 0 "" "" 0
3088 "MDS62110242" 0 "ohm" 304424 360304 361304 0 0 0 0 0 0 0 1 0 3088 3088 0 0 0 0 0.000 0 0 0 3 3 0 0 0 0 0 0 0 0 0 "Gasket_8t" 0 2 "" 2 1 1 0 0 0 "" 0 0 0 0 0 0 1 0 0 0 0 0 0 0.000 0.000 0.000 0 0 0 0 0 0 0 "" "" 0
3108 "EBK65194901" 0 "ohm" 302182 302502 337582 338382 360152 361152 0 0 0 0 1 0 3108 3108 0 0 0 0 0.000 0 0 0 3 3 0 0 0 0 0 0 0 0 0 "MINI TR 3PIN" 0 2 "" 0 3 1 0 0 0 "" 0 0 0 0 0 0 0 0 0 0 0 0 0 0.000 0.000 0.000 0 0 0 0 0 0 0 "" "" 0
3110 "EAH65079001" 0 "ohm" 302182 302502 337582 338382 360152 361152 0 0 0 0 1 0 3110 3110 0 0 0 0 0.000 0 0 0 3 3 0 0 0 0 0 0 0 0 0 "MINI TR 3PIN" 0 2 "" 0 3 1 0 0 0 "" 0 0 0 0 0 0 0 0 0 0 0 0 0 0.000 0.000 0.000 0 0 0 0 0 0 0 "" "" 0
3111 "EBK65195001" 0 "ohm" 302182 302502 337582 338382 360152 361152 0 0 0 0 1 0 3111 3111 0 0 0 0 0.000 0 0 0 3 3 0 0 0 0 0 0 0 0 0 "MINI TR 3PIN" 0 2 "" 0 3 1 0 0 0 "" 0 0 0 0 0 0 0 0 0 0 0 0 0 0.000 0.000 0.000 0 0 0 0 0 0 0 "" "" 0
3116 "EAP65276501" 0 "ohm" 302182 302502 337582 338382 360152 361152 0 0 0 0 1 0 3116 3116 0 0 0 0 0.000 0 0 0 3 3 0 0 0 0 0 0 0 0 0 "C2125_t0.85" 0 2 "" 0 3 1 0 0 0 "" 0 0 0 0 0 0 0 0 0 0 0 0 0 0.000 0.000 0.000 0 0 0 0 0 0 0 "" "" 0
3117 "EAP65276403" 0 "ohm" 303624 0 0 0 0 0 0 0 0 0 1 0 3117 3117 0 0 0 0 0.000 0 0 0 3 3 0 0 0 0 0 0 0 0 0 "Coil" 0 2 "" 0 3 1 0 0 0 "" 0 0 0 0 0 0 0 0 0 0 0 0 0 0.000 0.000 0.000 0 0 0 0 0 0 0 "" "" 0
3123 "EBK65195101" 0 "ohm" 302182 302502 337582 338382 360152 361152 0 0 0 0 1 0 3123 3123 0 0 0 0 0.000 0 0 0 3 3 0 0 0 0 0 0 0 0 0 "MINI TR 3PIN" 0 2 "" 0 3 1 0 0 0 "" 0 0 0 0 0 0 0 0 0 0 0 0 0 0.000 0.000 0.000 0 0 0 0 0 0 0 "" "" 0
3128 "EAE66306801" 0 "ohm" 302182 302502 337582 338382 360152 361152 0 0 0 0 1 0 3128 3128 0 0 0 0 0.000 0 0 0 3 3 0 0 0 0 0 0 0 0 0 "C2012_T1.25" 0 2 "" 0 3 1 0 0 0 "" 0 0 0 0 0 0 0 0 0 0 0 0 0 0.000 0.000 0.000 0 0 0 0 0 0 0 "" "" 0
3131 "EAH65079101" 0 "ohm" 303623 0 0 0 0 0 0 0 0 0 1 0 3131 3131 0 0 0 0 0.000 0 0 0 3 3 0 0 0 0 0 0 0 0 0 "Diode" 0 2 "" 2 1 1 0 0 0 "" 0 0 0 0 0 0 0 0 0 0 0 0 0 0.000 0.000 0.000 0 0 0 0 0 0 0 "" "" 0
3133 "EAN66476101" 0 "ohm" 302823 0 0 0 0 0 0 0 0 0 1 0 3133 3133 0 0 0 0 0.000 0 0 0 3 3 0 0 0 0 0 0 0 0 0 "SOP_8PIN" 0 2 "" 2 1 1 0 0 0 "" 0 0 0 0 0 0 0 0 0 0 0 0 0 0.000 0.000 0.000 0 0 0 0 0 0 0 "" "" 0
3137 "EAE66302101" 0 "ohm" 302182 302502 337582 338382 360152 361152 0 0 0 0 1 0 3137 3137 0 0 0 0 0.000 0 0 0 3 3 0 0 0 0 0 0 0 0 0 "C2012_T1.25" 0 2 "" 0 3 1 0 0 0 "" 0 0 0 0 0 0 0 0 0 0 0 0 0 0.000 0.000 0.000 0 0 0 0 0 0 0 "" "" 0
3224 "EAN66526301" 0 "ohm" 302182 302502 337582 338382 360152 361152 0 0 0 0 1 0 3224 3224 0 0 0 0 0.000 0 0 0 3 3 0 0 0 0 0 0 0 0 0 "MINI TR 3PIN" 0 2 "" 0 3 1 0 0 0 "" 0 0 0 0 0 0 0 0 0 0 0 0 0 0.000 0.000 0.000 0 0 0 0 0 0 0 "" "" 0
3225 "EAW64262701" 0 "ohm" 302022 302342 337422 338222 0 0 0 0 0 0 1 0 3225 3225 0 0 0 0 0.000 0 0 0 3 3 0 0 0 0 0 0 0 0 0 "CRYSTAL_3225_T0.65" 0 2 "" 0 1 1 0 0 0 "" 0 0 0 0 0 0 0 0 0 0 0 0 0 0.000 0.000 0.000 0 0 0 0 0 0 0 "" "" 0
3232 "EAH65088801" 0 "ohm" 302182 302502 337582 338382 360152 361152 0 0 0 0 1 801 3232 3232 0 0 0 0 0.000 90 0 0 3 3 0 0 0 0 0 0 0 0 0 "ARRAY2010_T0.5" 0 2 "" 0 3 1 0 0 0 "" 0 0 0 0 0 0 0 0 0 0 0 0 0 0.000 0.000 0.000 0 0 0 0 0 0 0 "" "" 0
3233 "EBC62997015" 0 "ohm" 302162 302482 337562 338362 350962 0 0 0 0 0 1 802 3233 3233 0 0 0 0 0.000 90 0 0 3 3 0 0 0 0 0 0 0 0 0 "R3216_t0.55" 0 2 "" 0 3 1 0 0 0 "" 0 0 0 0 0 0 0 0 0 0 0 0 0 0.000 0.000 0.000 0 0 0 0 0 0 0 "" "" 0
3236 "EAP65276409" 0 "ohm" 302823 0 0 0 0 0 0 0 0 0 1 0 3236 3236 0 0 0 0 0.000 0 0 0 3 3 0 0 0 0 0 0 0 0 0 "Coil_4.35t" 0 2 "" 0 1 1 0 0 0 "" 0 0 0 0 0 0 0 0 0 0 0 0 0 0.000 0.000 0.000 0 0 0 0 0 0 0 "" "" 0
3239 "EAP65276414" 0 "ohm" 303624 360244 361244 0 0 0 0 0 0 0 1 0 3239 3239 0 0 0 0 0.000 0 0 0 3 3 0 0 0 0 0 0 0 0 0 "COIL_4.8t" 0 2 "" 0 1 1 0 0 0 "" 0 0 0 0 0 0 0 0 0 0 0 0 0 0.000 0.000 0.000 0 0 0 0 0 0 0 "" "" 0
3241 "EAN66549101" 0 "ohm" 302182 302502 337582 338382 0 0 0 0 0 0 1 0 3241 3241 0 0 0 0 90.000 0 0 0 3 3 0 0 0 0 0 0 0 0 0 "minitr_5P" 0 2 "" 0 1 1 0 0 0 "" 0 0 0 0 0 0 0 0 0 0 0 0 0 0.000 0.000 0.000 0 0 0 0 0 0 0 "" "" 0
3243 "EAN66534401" 0 "ohm" 302823 0 0 0 0 0 0 0 0 0 1 803 3243 3243 0 0 0 0 0.000 -90 0 0 3 3 0 0 0 0 0 0 0 0 0 "QFN 18PIN" 0 2 "" 2 1 1 0 0 0 "" 0 0 0 0 0 0 0 0 0 0 0 0 0 0.000 0.000 0.000 0 0 0 0 0 0 0 "" "" 0
3245 "EAH65089601" 0 "ohm" 302982 0 0 0 0 0 0 0 0 0 1 805 3245 3245 0 0 0 0 0.000 -90 0 0 3 3 0 0 0 0 0 0 0 0 0 "Diode-2pin" 0 2 "" 2 1 1 0 0 0 "" 0 0 0 0 0 0 1 0 0 0 0 0 0 0.000 0.000 0.000 0 0 0 0 0 0 0 "" "" 0
3246 "EAP65284501" 0 "ohm" 302823 360183 361183 0 0 0 0 0 0 0 1 0 3246 3246 0 0 0 0 0.000 0 0 0 3 3 0 0 0 0 0 0 0 0 0 "Coil" 0 2 "" 0 3 1 0 0 0 "" 0 0 0 0 0 0 0 0 0 0 0 0 0 0.000 0.000 0.000 0 0 0 0 0 0 0 "" "" 0
3256 "EAN66549001" 0 "ohm" 302182 302502 337582 338382 0 0 0 0 0 0 1 0 3256 3256 0 0 0 0 90.000 0 0 0 3 3 0 0 0 0 0 0 0 0 0 "minitr_5P" 0 2 "" 0 1 1 0 0 0 "" 0 0 0 0 0 0 0 0 0 0 0 0 0 0.000 0.000 0.000 0 0 0 0 0 0 0 "" "" 0
3263 "EAE66301001" 0 "ohm" 302182 302502 337582 338382 0 0 0 0 0 0 1 0 3263 3263 0 0 0 0 0.000 0 0 0 3 3 0 0 0 0 0 0 0 0 0 "C2012_T1.25" 0 2 "" 0 3 1 0 0 0 "" 0 0 0 0 0 0 0 0 0 0 0 0 0 0.000 0.000 0.000 0 0 0 0 0 0 0 "" "" 0
3267 "0RH2402C422" 0 "ohm" 302162 302482 337562 338362 350962 0 0 0 0 0 1 811 3267 3267 0 0 0 0 0.000 90 0 0 3 3 0 0 0 0 0 0 0 0 0 "R1608_T0.45" 0 2 "" 0 3 1 0 0 0 "" 0 0 0 0 0 0 0 0 0 0 0 0 0 0.000 0.000 0.000 0 0 0 0 0 0 0 "" "" 0
3275 "6322A00028C" 0 "ohm" 302161 302481 337561 338361 350961 0 0 0 0 0 1 0 3275 3275 0 0 0 0 0.000 0 0 0 3 3 0 0 0 0 0 0 0 0 0 "C1005_T0.5" 0 2 "" 0 3 1 0 0 0 "" 0 0 0 0 0 0 0 0 0 0 0 0 0 0.000 0.000 0.000 0 0 0 0 0 0 0 "" "" 0
3278 "EAN66583501" 0 "ohm" 302182 302502 337582 338382 0 0 0 0 0 0 1 0 3278 3278 0 0 0 0 90.000 0 0 0 3 3 0 0 0 0 0 0 0 0 0 "minitr_6P" 0 2 "" 0 3 1 0 0 0 "" 0 0 0 0 0 0 0 0 0 0 0 0 0 0.000 0.000 0.000 0 0 0 0 0 0 0 "" "" 0
3288 "EAE66354401" 0 "ohm" 302182 302502 337582 338382 0 0 0 0 0 0 1 0 3288 3288 0 0 0 0 0.000 0 0 0 3 3 0 0 0 0 0 0 0 0 0 "C2012_T1.25" 0 2 "" 0 3 1 0 0 0 "" 0 0 0 0 0 0 0 0 0 0 0 0 0 0.000 0.000 0.000 0 0 0 0 0 0 0 "" "" 0
3289 "EAF64547504" 0 "ohm" 302161 302481 337561 338361 350961 0 0 0 0 0 1 0 3289 3289 0 0 0 0 0.000 0 0 0 3 3 0 0 0 0 0 0 0 0 0 "C1005_T0.5" 0 2 "" 0 3 1 0 0 0 "" 0 0 0 0 0 0 0 0 0 0 0 0 0 0.000 0.000 0.000 0 0 0 0 0 0 0 "" "" 0
3290 "EAH65098301" 0 "ohm" 303623 0 0 0 0 0 0 0 0 0 1 0 3290 3290 0 0 0 0 0.000 0 0 0 3 3 0 0 0 0 0 0 0 0 0 "Diode 2P" 0 2 "" 2 1 1 0 0 0 "" 0 0 0 0 0 0 0 0 0 0 0 0 0 0.000 0.000 0.000 0 0 0 0 0 0 0 "" "" 0
3291 "EAM65804601" 0 "ohm" 302161 302481 337561 338361 350961 360091 361091 0 0 0 1 0 3291 3291 0 0 0 0 0.000 0 0 0 3 3 0 0 0 0 0 0 0 0 0 "C1005_T0.5" 0 2 "" 0 3 1 0 0 0 "" 0 0 0 0 0 0 0 0 0 0 0 0 0 0.000 0.000 0.000 0 0 0 0 0 0 0 "" "" 0
3292 "EAM65804603" 0 "ohm" 302162 302482 337562 338362 350962 0 0 0 0 0 1 0 3292 3292 0 0 0 0 0.000 0 0 0 3 3 0 0 0 0 0 0 0 0 0 "C2012_T0.85" 0 2 "" 0 3 1 0 0 0 "" 0 0 0 0 0 0 0 0 0 0 0 0 0 0.000 0.000 0.000 0 0 0 0 0 0 0 "" "" 0
3295 "EBK65212101" 0 "ohm" 302182 302502 337582 338382 0 0 0 0 0 0 1 0 3295 3295 0 0 0 0 90.000 0 0 0 3 3 0 0 0 0 0 0 0 0 0 "MINI TR 3PIN" 0 2 "" 0 3 1 0 0 0 "" 0 0 0 0 0 0 0 0 0 0 0 0 0 0.000 0.000 0.000 0 0 0 0 0 0 0 "" "" 0
3297 "EAE66354501" 0 "ohm" 302162 302482 337562 338362 350962 0 0 0 0 0 1 816 3297 3297 0 0 0 0 0.000 90 0 0 3 3 0 0 0 0 0 0 0 0 0 "C1608_t0.8" 0 2 "" 0 3 1 0 0 0 "" 0 0 0 0 0 0 0 0 0 0 0 0 0 0.000 0.000 0.000 0 0 0 0 0 0 0 "" "" 0
3298 "EAE65502003" 0 "ohm" 302823 360183 361183 0 0 0 0 0 0 0 1 0 3298 3298 0 0 0 0 0.000 0 0 0 3 3 0 0 0 0 0 0 0 0 0 "C7343_T1.9" 0 2 "" 0 3 1 0 0 0 "" 0 0 0 0 0 0 0 0 0 0 0 0 0 0.000 0.000 0.000 0 0 0 0 0 0 0 "" "" 0
3301 "EBK65214001" 0 "ohm" 302182 302502 337582 338382 360152 361152 0 0 0 0 1 0 3301 3301 0 0 0 0 90.000 0 0 0 3 3 0 0 0 0 0 0 0 0 0 "MINI TR 3PIN" 0 2 "" 0 3 1 0 0 0 "" 0 0 0 0 0 0 0 0 0 0 0 0 0 0.000 0.000 0.000 0 0 0 0 0 0 0 "" "" 0
3313 "EAN66603501" 0 "ohm" 302982 360212 361212 0 0 0 0 0 0 0 1 0 3313 3313 0 0 0 0 0.000 0 0 0 3 3 0 0 0 0 0 0 0 0 0 "IC4P" 0 2 "" 0 3 1 0 0 0 "" 0 0 0 0 0 0 0 0 0 0 0 0 0 0.000 0.000 0.000 0 0 0 0 0 0 0 "" "" 0
3681 "EAM00023902" 0 "ohm" 302182 302502 337582 338382 360152 361152 0 0 0 0 1 0 3681 3681 0 0 0 0 0.000 0 0 0 3 3 0 0 0 0 0 0 0 0 0 "FILTER 4PIN" 0 2 "" 0 1 1 0 0 0 "" 0 0 0 0 0 0 0 0 0 0 0 0 0 0.000 0.000 0.000 0 0 0 0 0 0 0 "" "" 0
3682 "EAN00967601" 0 "ohm" 303624 360244 361244 0 0 0 0 0 0 0 1 0 3682 3682 0 0 0 0 0.000 0 0 0 3 3 0 0 0 0 0 0 0 0 0 "SOP_28P" 0 2 "" 2 1 1 0 0 0 "" 0 0 0 0 0 0 0 0 0 0 0 0 0 0.000 0.000 0.000 0 0 0 0 0 0 0 "" "" 0
3683 "EAN66586401" 0 "ohm" 302182 302502 337582 338382 360152 361152 0 0 0 0 1 0 3683 3683 0 0 0 0 0.000 0 0 0 3 3 0 0 0 0 0 0 0 0 0 "ic-6pin" 0 2 "" 0 3 1 0 0 0 "" 0 0 0 0 0 0 0 0 0 0 0 0 0 0.000 0.000 0.000 0 0 0 0 0 0 0 "" "" 0
3684 "EAP65276418" 0 "ohm" 303623 0 0 0 0 0 0 0 0 0 1 0 3684 3684 0 0 0 0 0.000 0 0 0 3 3 0 0 0 0 0 0 0 0 0 "Coil" 0 2 "" 0 3 1 0 0 0 "" 0 0 0 0 0 0 0 0 0 0 0 0 0 0.000 0.000 0.000 0 0 0 0 0 0 0 "" "" 0
3686 "EAP65289605" 0 "ohm" 302182 302502 337582 338382 360152 361152 0 0 0 0 1 0 3686 3686 0 0 0 0 0.000 0 0 0 3 3 0 0 0 0 0 0 0 0 0 "L2520" 0 2 "" 0 3 1 0 0 0 "" 0 0 0 0 0 0 0 0 0 0 0 0 0 0.000 0.000 0.000 0 0 0 0 0 0 0 "" "" 0
3687 "EBJ30065002" 0 "ohm" 302983 360213 361213 0 0 0 0 0 0 0 1 0 3687 3687 0 0 0 0 0.000 0 0 0 3 3 0 0 0 0 0 0 0 0 0 "FILTER 6PIN" 0 2 "" 0 1 1 0 0 0 "" 0 0 0 0 0 0 0 0 0 0 0 0 0 0.000 0.000 0.000 0 0 0 0 0 0 0 "" "" 0
3688 "EAN66317603" 0 "OHM" 303784 360274 361274 0 0 0 0 0 0 0 1 891 3688 3688 0 0 0 0 0.000 -90 0 0 3 3 0 0 0 0 0 0 0 0 0 "QFN 40PIN" 0 2 "" 2 1 1 0 0 0 "" 0 0 0 0 0 0 0 0 0 0 0 0 0 0.000 0.000 0.000 0 0 0 0 0 0 0 "" "" 0
3692 "EAM00023901" 0 "OHM" 302182 302502 337582 338382 360152 361152 0 0 0 0 1 0 3692 3692 0 0 0 0 0.000 0 0 0 3 3 0 0 0 0 0 0 0 0 0 "FILTER 4PIN" 0 2 "" 0 1 1 0 0 0 "" 0 0 0 0 0 0 0 0 0 0 0 0 0 0.000 0.000 0.000 0 0 0 0 0 0 0 "" "" 0
3695 "EAP65267102" 0 "ohm" 302823 360183 361183 0 0 0 0 0 0 0 1 0 3695 3695 0 0 0 0 0.000 0 0 0 3 3 0 0 0 0 0 0 0 0 0 "COIL_4.35t" 0 2 "" 0 1 1 0 0 0 "" 0 0 0 0 0 0 0 0 0 0 0 0 0 0.000 0.000 0.000 0 0 0 0 0 0 0 "" "" 0
3696 "EBJ30065001" 0 "OHM" 302983 360213 361213 0 0 0 0 0 0 0 1 0 3696 3696 0 0 0 0 0.000 0 0 0 3 3 0 0 0 0 0 0 0 0 0 "FILTER 6PIN" 0 2 "" 0 1 1 0 0 0 "" 0 0 0 0 0 0 0 0 0 0 0 0 0 0.000 0.000 0.000 0 0 0 0 0 0 0 "" "" 0

[WaferData]
IDNUM SIZE T StartPointActionMode SPX SPY PitchX PitchY PT SearchWay SearchDir SearchSwitchDir BefLCSearchNum AftLCSearchNum PickupPosRecMode InspectDieMode BlockMatchMode PickupPosRecTiming CompBadMarkChk ErrorStopSkipNum LMPA LMPB LMPC LMPD AMarkPosX AMarkPosY BMarkPosX BMarkPosY PatNoA PatNoB WaferMap

[PartsDataEx]
IDNUM NAME LNAME REELS SKIP NoAutoDivide Alt AltNum

[FeederMaxData]
IDNUM Name Maxs
3001 "FA0010" 999
3002 "FA0020" 999
3003 "FA0030" 999
3004 "FA0040" 999
3005 "FA0050" 999
3006 "FC0030" 999
3011 "STK0XXTK8" 999
3012 "FA0360" 999
3013 "FA0370" 999
3018 "FA0005" 999
3022 "FA0480" 0
3026 "FA0204" 999
3027 "FA0002" 0
3028 "FA0001" 0
3030 "FA0501" 0
3034 "FE0020" 999
3041 "FE0060" 999
3042 "FE0070" 999
3043 "FE0072" 999
3045 "FE0100" 999
3061 "EF0010" 999
3062 "EF0020" 999
3063 "EF0030" 999
3064 "EF0040" 999
3065 "EF0014" 0
3066 "EF0024" 0
3067 "EF0034" 0
3068 "EF0044" 0
3071 "AF0010" 0
3072 "AF0020" 0
3073 "AF0030" 0
3074 "AF0040" 0
3081 "EF0016" 999
3082 "EF0026" 999
3083 "EF0036" 999
3084 "EF0046" 999
4013 "DF0020" 0
4023 "FA0007" 999
4066 "AT0010" 0
4071 "Tray Lifter Feeder" 0
4072 "Multi Column Tape Feeder" 0
4073 "Bowl Feeder 01" 0
4074 "Bowl Feeder 02" 0
4075 "SANKI-TAI Bowl 230L" 999

[FeederData]
IDNUM Ftype Pitch Feed FeedLen Quantity Xa Ya Xb Yb Xc Yc Width Kind REELTYPE ReelSize SHEIGHT ControlType Compact
302001 302001 1 1 2.000 3018 -4.000 2.500 0.000 0.000 0.000 0.000 8 1 0 1 0 1 0
302002 302002 1 1 4.000 3018 -4.000 2.500 0.000 0.000 0.000 0.000 8 1 0 1 0 1 0
302003 302003 1 1 8.000 3018 -4.000 2.500 0.000 0.000 0.000 0.000 8 1 0 1 0 1 0
302004 302004 1 1 12.000 3018 -4.000 2.500 0.000 0.000 0.000 0.000 8 1 0 1 0 1 0
302005 302005 1 1 16.000 3018 -4.000 2.500 0.000 0.000 0.000 0.000 8 1 0 1 0 1 0
302006 302006 1 1 20.000 3018 -4.000 2.500 0.000 0.000 0.000 0.000 8 1 0 1 0 1 0
302007 302007 1 1 24.000 3018 -4.000 2.500 0.000 0.000 0.000 0.000 8 1 0 1 0 1 0
302008 302008 1 1 28.000 3018 -4.000 2.500 0.000 0.000 0.000 0.000 8 1 0 1 0 1 0
302009 302009 1 1 32.000 3018 -4.000 2.500 0.000 0.000 0.000 0.000 8 1 0 1 0 1 0
302010 302010 1 1 36.000 3018 -4.000 2.500 0.000 0.000 0.000 0.000 8 1 0 1 0 1 0
302011 302011 1 1 40.000 3018 -4.000 2.500 0.000 0.000 0.000 0.000 8 1 0 1 0 1 0
302012 302012 1 1 1.000 3018 -4.000 1.500 0.000 0.000 0.000 0.000 8 1 0 1 0 1 0
302021 302021 1 1 2.000 3018 -4.000 2.500 0.000 0.000 0.000 0.000 8 1 1 1 0 1 0
302022 302022 1 1 4.000 3018 -4.000 2.500 0.000 0.000 0.000 0.000 8 1 1 1 0 1 0
302023 302023 1 2 8.000 3018 -4.000 2.500 0.000 0.000 0.000 0.000 8 1 1 1 0 1 0
302024 302024 1 1 12.000 3018 -4.000 2.500 0.000 0.000 0.000 0.000 8 1 1 1 0 1 0
302025 302025 1 1 16.000 3018 -4.000 2.500 0.000 0.000 0.000 0.000 8 1 1 1 0 1 0
302026 302026 1 1 20.000 3018 -4.000 2.500 0.000 0.000 0.000 0.000 8 1 1 1 0 1 0
302027 302027 1 1 24.000 3018 -4.000 2.500 0.000 0.000 0.000 0.000 8 1 1 1 0 1 0
302028 302028 1 1 28.000 3018 -4.000 2.500 0.000 0.000 0.000 0.000 8 1 1 1 0 1 0
302029 302029 1 1 32.000 3018 -4.000 2.500 0.000 0.000 0.000 0.000 8 1 1 1 0 1 0
302030 302030 1 1 36.000 3018 -4.000 2.500 0.000 0.000 0.000 0.000 8 1 1 1 0 1 0
302031 302031 1 1 40.000 3018 -4.000 2.500 0.000 0.000 0.000 0.000 8 1 1 1 0 1 0
302032 302032 1 1 1.000 3018 -4.000 1.500 0.000 0.000 0.000 0.000 8 1 1 1 0 1 0
302161 302161 1 1 2.000 3018 -4.000 2.500 0.000 0.000 0.000 0.000 8 1 0 2 0 1 0
302162 302162 1 1 4.000 3018 -4.000 2.500 0.000 0.000 0.000 0.000 8 1 0 2 0 1 0
302163 302163 1 2 8.000 3018 -4.000 2.500 0.000 0.000 0.000 0.000 8 1 0 2 0 1 0
302164 302164 1 1 12.000 3018 -4.000 2.500 0.000 0.000 0.000 0.000 8 1 0 2 0 1 0
302165 302165 1 1 16.000 3018 -4.000 2.500 0.000 0.000 0.000 0.000 8 1 0 2 0 1 0
302166 302166 1 1 20.000 3018 -4.000 2.500 0.000 0.000 0.000 0.000 8 1 0 2 0 1 0
302167 302167 1 1 24.000 3018 -4.000 2.500 0.000 0.000 0.000 0.000 8 1 0 2 0 1 0
302168 302168 1 1 28.000 3018 -4.000 2.500 0.000 0.000 0.000 0.000 8 1 0 2 0 1 0
302169 302169 1 1 32.000 3018 -4.000 2.500 0.000 0.000 0.000 0.000 8 1 0 2 0 1 0
302170 302170 1 1 36.000 3018 -4.000 2.500 0.000 0.000 0.000 0.000 8 1 0 2 0 1 0
302171 302171 1 1 40.000 3018 -4.000 2.500 0.000 0.000 0.000 0.000 8 1 0 2 0 1 0
302172 302172 1 1 1.000 3018 -4.000 1.500 0.000 0.000 0.000 0.000 8 1 0 2 0 1 0
302181 302181 1 1 2.000 3018 -4.000 2.500 0.000 0.000 0.000 0.000 8 1 1 2 0 1 0
302182 302182 1 1 4.000 3018 -4.000 2.500 0.000 0.000 0.000 0.000 8 1 1 2 0 1 0
302183 302183 1 2 8.000 3018 -4.000 2.500 0.000 0.000 0.000 0.000 8 1 1 2 0 1 0
302184 302184 1 1 12.000 3018 -4.000 2.500 0.000 0.000 0.000 0.000 8 1 1 2 0 1 0
302185 302185 1 1 16.000 3018 -4.000 2.500 0.000 0.000 0.000 0.000 8 1 1 2 0 1 0
302186 302186 1 1 20.000 3018 -4.000 2.500 0.000 0.000 0.000 0.000 8 1 1 2 0 1 0
302187 302187 1 1 24.000 3018 -4.000 2.500 0.000 0.000 0.000 0.000 8 1 1 2 0 1 0
302188 302188 1 1 28.000 3018 -4.000 2.500 0.000 0.000 0.000 0.000 8 1 1 2 0 1 0
302189 302189 1 1 32.000 3018 -4.000 2.500 0.000 0.000 0.000 0.000 8 1 1 2 0 1 0
302190 302190 1 1 36.000 3018 -4.000 2.500 0.000 0.000 0.000 0.000 8 1 1 2 0 1 0
302191 302191 1 1 40.000 3018 -4.000 2.500 0.000 0.000 0.000 0.000 8 1 1 2 0 1 0
302192 302192 1 1 1.000 3018 -4.000 1.500 0.000 0.000 0.000 0.000 8 1 1 2 0 1 0
302321 302321 1 1 2.000 3001 -4.000 2.500 6.500 2.500 0.000 0.000 8 2 0 1 0 1 0
302322 302322 1 1 4.000 3001 -4.000 2.500 6.500 2.500 0.000 0.000 8 2 0 1 0 1 0
302323 302323 1 1 8.000 3001 -4.000 2.500 6.500 2.500 0.000 0.000 8 2 0 1 0 1 0
302324 302324 1 1 12.000 3001 -4.000 2.500 6.500 2.500 0.000 0.000 8 2 0 1 0 1 0
302325 302325 1 1 16.000 3001 -4.000 2.500 6.500 2.500 0.000 0.000 8 2 0 1 0 1 0
302326 302326 1 1 20.000 3001 -4.000 2.500 6.500 2.500 0.000 0.000 8 2 0 1 0 1 0
302327 302327 1 1 24.000 3001 -4.000 2.500 6.500 2.500 0.000 0.000 8 2 0 1 0 1 0
302328 302328 1 1 28.000 3001 -4.000 2.500 6.500 2.500 0.000 0.000 8 2 0 1 0 1 0
302329 302329 1 1 32.000 3001 -4.000 2.500 6.500 2.500 0.000 0.000 8 2 0 1 0 1 0
302330 302330 1 1 36.000 3001 -4.000 2.500 6.500 2.500 0.000 0.000 8 2 0 1 0 1 0
302331 302331 1 1 40.000 3001 -4.000 2.500 6.500 2.500 0.000 0.000 8 2 0 1 0 1 0
302335 302335 1 1 1.000 3001 -4.000 1.500 6.500 1.500 0.000 0.000 8 2 0 1 0 1 0
302341 302341 1 1 2.000 3001 -4.000 2.500 6.500 2.500 0.000 0.000 8 2 1 1 0 1 0
302342 302342 1 1 4.000 3001 -4.000 2.500 6.500 2.500 0.000 0.000 8 2 1 1 0 1 0
302343 302343 1 1 8.000 3001 -4.000 2.500 6.500 2.500 0.000 0.000 8 2 1 1 0 1 0
302344 302344 1 1 12.000 3001 -4.000 2.500 6.500 2.500 0.000 0.000 8 2 1 1 0 1 0
302345 302345 1 1 16.000 3001 -4.000 2.500 6.500 2.500 0.000 0.000 8 2 1 1 0 1 0
302346 302346 1 1 20.000 3001 -4.000 2.500 6.500 2.500 0.000 0.000 8 2 1 1 0 1 0
302347 302347 1 1 24.000 3001 -4.000 2.500 6.500 2.500 0.000 0.000 8 2 1 1 0 1 0
302348 302348 1 1 28.000 3001 -4.000 2.500 6.500 2.500 0.000 0.000 8 2 1 1 0 1 0
302349 302349 1 1 32.000 3001 -4.000 2.500 6.500 2.500 0.000 0.000 8 2 1 1 0 1 0
302350 302350 1 1 36.000 3001 -4.000 2.500 6.500 2.500 0.000 0.000 8 2 1 1 0 1 0
302351 302351 1 1 40.000 3001 -4.000 2.500 6.500 2.500 0.000 0.000 8 2 1 1 0 1 0
302355 302355 1 1 1.000 3001 -4.000 1.500 6.500 1.500 0.000 0.000 8 2 1 1 0 1 0
302481 302481 1 1 2.000 3001 -4.000 2.500 6.500 2.500 0.000 0.000 8 2 0 2 0 1 0
302482 302482 1 1 4.000 3001 -4.000 2.500 6.500 2.500 0.000 0.000 8 2 0 2 0 1 0
302483 302483 1 1 8.000 3001 -4.000 2.500 6.500 2.500 0.000 0.000 8 2 0 2 0 1 0
302484 302484 1 1 12.000 3001 -4.000 2.500 6.500 2.500 0.000 0.000 8 2 0 2 0 1 0
302485 302485 1 1 16.000 3001 -4.000 2.500 6.500 2.500 0.000 0.000 8 2 0 2 0 1 0
302486 302486 1 1 20.000 3001 -4.000 2.500 6.500 2.500 0.000 0.000 8 2 0 2 0 1 0
302487 302487 1 1 24.000 3001 -4.000 2.500 6.500 2.500 0.000 0.000 8 2 0 2 0 1 0
302488 302488 1 1 28.000 3001 -4.000 2.500 6.500 2.500 0.000 0.000 8 2 0 2 0 1 0
302489 302489 1 1 32.000 3001 -4.000 2.500 6.500 2.500 0.000 0.000 8 2 0 2 0 1 0
302490 302490 1 1 36.000 3001 -4.000 2.500 6.500 2.500 0.000 0.000 8 2 0 2 0 1 0
302491 302491 1 1 40.000 3001 -4.000 2.500 6.500 2.500 0.000 0.000 8 2 0 2 0 1 0
302495 302495 1 1 1.000 3001 -4.000 1.500 6.500 1.500 0.000 0.000 8 2 0 2 0 1 0
302501 302501 1 1 2.000 3001 -4.000 2.500 6.500 2.500 0.000 0.000 8 2 1 2 0 1 0
302502 302502 1 1 4.000 3001 -4.000 2.500 6.500 2.500 0.000 0.000 8 2 1 2 0 1 0
302503 302503 1 1 8.000 3001 -4.000 2.500 6.500 2.500 0.000 0.000 8 2 1 2 0 1 0
302504 302504 1 1 12.000 3001 -4.000 2.500 6.500 2.500 0.000 0.000 8 2 1 2 0 1 0
302505 302505 1 1 16.000 3001 -4.000 2.500 6.500 2.500 0.000 0.000 8 2 1 2 0 1 0
302506 302506 1 1 20.000 3001 -4.000 2.500 6.500 2.500 0.000 0.000 8 2 1 2 0 1 0
302507 302507 1 1 24.000 3001 -4.000 2.500 6.500 2.500 0.000 0.000 8 2 1 2 0 1 0
302508 302508 1 1 28.000 3001 -4.000 2.500 6.500 2.500 0.000 0.000 8 2 1 2 0 1 0
302509 302509 1 1 32.000 3001 -4.000 2.500 6.500 2.500 0.000 0.000 8 2 1 2 0 1 0
302510 302510 1 1 36.000 3001 -4.000 2.500 6.500 2.500 0.000 0.000 8 2 1 2 0 1 0
302511 302511 1 1 40.000 3001 -4.000 2.500 6.500 2.500 0.000 0.000 8 2 1 2 0 1 0
302515 302515 1 1 1.000 3001 -4.000 1.500 6.500 1.500 0.000 0.000 8 2 1 2 0 1 0
302821 302821 1 1 2.000 3002 -0.750 -13.500 0.000 0.000 0.000 0.000 12 3 1 1 0 1 0
302822 302822 1 1 4.000 3002 -0.750 -13.500 0.000 0.000 0.000 0.000 12 3 1 1 0 1 0
302823 302823 1 1 8.000 3002 -0.750 -13.500 0.000 0.000 0.000 0.000 12 3 1 1 0 1 0
302824 302824 1 1 12.000 3002 -0.750 -13.500 0.000 0.000 0.000 0.000 12 3 1 1 0 1 0
302825 302825 1 2 16.000 3002 -0.750 -13.500 0.000 0.000 0.000 0.000 12 3 1 1 0 1 0
302826 302826 1 1 20.000 3002 -0.750 -13.500 0.000 0.000 0.000 0.000 12 3 1 1 0 1 0
302827 302827 1 1 24.000 3002 -0.750 -13.500 0.000 0.000 0.000 0.000 12 3 1 1 0 1 0
302828 302828 1 1 28.000 3002 -0.750 -13.500 0.000 0.000 0.000 0.000 12 3 1 1 0 1 0
302829 302829 1 1 32.000 3002 -0.750 -13.500 0.000 0.000 0.000 0.000 12 3 1 1 0 1 0
302830 302830 1 1 36.000 3002 -0.750 -13.500 0.000 0.000 0.000 0.000 12 3 1 1 0 1 0
302831 302831 1 1 40.000 3002 -0.750 -13.500 0.000 0.000 0.000 0.000 12 3 1 1 0 1 0
302845 302845 1 2 16.000 3002 -0.750 -13.500 0.000 0.000 0.000 0.000 12 3 3 1 0 1 0
302961 302961 1 1 2.000 3002 -0.750 -13.500 0.000 0.000 0.000 0.000 12 3 0 2 0 1 0
302962 302962 1 1 4.000 3002 -0.750 -13.500 0.000 0.000 0.000 0.000 12 3 0 2 0 1 0
302963 302963 1 1 8.000 3002 -0.750 -13.500 0.000 0.000 0.000 0.000 12 3 0 2 0 1 0
302964 302964 1 1 12.000 3002 -0.750 -13.500 0.000 0.000 0.000 0.000 12 3 0 2 0 1 0
302965 302965 1 1 16.000 3002 -0.750 -13.500 0.000 0.000 0.000 0.000 12 3 0 2 0 1 0
302966 302966 1 1 20.000 3002 -0.750 -13.500 0.000 0.000 0.000 0.000 12 3 0 2 0 1 0
302967 302967 1 1 24.000 3002 -0.750 -13.500 0.000 0.000 0.000 0.000 12 3 0 2 0 1 0
302968 302968 1 1 28.000 3002 -0.750 -13.500 0.000 0.000 0.000 0.000 12 3 0 2 0 1 0
302969 302969 1 1 32.000 3002 -0.750 -13.500 0.000 0.000 0.000 0.000 12 3 0 2 0 1 0
302970 302970 1 1 36.000 3002 -0.750 -13.500 0.000 0.000 0.000 0.000 12 3 0 2 0 1 0
302971 302971 1 1 40.000 3002 -0.750 -13.500 0.000 0.000 0.000 0.000 12 3 0 2 0 1 0
302981 302981 1 1 2.000 3002 -0.750 -13.500 0.000 0.000 0.000 0.000 12 3 1 2 0 1 0
302982 302982 1 1 4.000 3002 -0.750 -13.500 0.000 0.000 0.000 0.000 12 3 1 2 0 1 0
302983 302983 1 1 8.000 3002 -0.750 -13.500 0.000 0.000 0.000 0.000 12 3 1 2 0 1 0
302984 302984 1 1 12.000 3002 -0.750 -13.500 0.000 0.000 0.000 0.000 12 3 1 2 0 1 0
302985 302985 1 2 16.000 3002 -0.750 -13.500 0.000 0.000 0.000 0.000 12 3 1 2 0 1 0
302986 302986 1 1 20.000 3002 -0.750 -13.500 0.000 0.000 0.000 0.000 12 3 1 2 0 1 0
302987 302987 1 1 24.000 3002 -0.750 -13.500 0.000 0.000 0.000 0.000 12 3 1 2 0 1 0
302988 302988 1 1 28.000 3002 -0.750 -13.500 0.000 0.000 0.000 0.000 12 3 1 2 0 1 0
302989 302989 1 1 32.000 3002 -0.750 -13.500 0.000 0.000 0.000 0.000 12 3 1 2 0 1 0
302990 302990 1 1 36.000 3002 -0.750 -13.500 0.000 0.000 0.000 0.000 12 3 1 2 0 1 0
302991 302991 1 1 40.000 3002 -0.750 -13.500 0.000 0.000 0.000 0.000 12 3 1 2 0 1 0
303005 303005 1 2 16.000 3002 -0.750 -13.500 0.000 0.000 0.000 0.000 12 3 3 2 0 1 0
303621 303621 1 1 2.000 3002 1.250 -13.500 0.000 0.000 0.000 0.000 16 3 1 1 0 1 0
303622 303622 1 1 4.000 3002 1.250 -13.500 0.000 0.000 0.000 0.000 16 3 1 1 0 1 0
303623 303623 1 1 8.000 3002 1.250 -13.500 0.000 0.000 0.000 0.000 16 3 1 1 0 1 0
303624 303624 1 1 12.000 3002 1.250 -13.500 0.000 0.000 0.000 0.000 16 3 1 1 0 1 0
303625 303625 1 2 16.000 3002 1.250 -13.500 0.000 0.000 0.000 0.000 16 3 1 1 0 1 0
303626 303626 1 1 20.000 3002 1.250 -13.500 0.000 0.000 0.000 0.000 16 3 1 1 0 1 0
303627 303627 1 1 24.000 3002 1.250 -13.500 0.000 0.000 0.000 0.000 16 3 1 1 0 1 0
303628 303628 1 1 28.000 3002 1.250 -13.500 0.000 0.000 0.000 0.000 16 3 1 1 0 1 0
303629 303629 1 1 32.000 3002 1.250 -13.500 0.000 0.000 0.000 0.000 16 3 1 1 0 1 0
303630 303630 1 1 36.000 3002 1.250 -13.500 0.000 0.000 0.000 0.000 16 3 1 1 0 1 0
303631 303631 1 1 40.000 3002 1.250 -13.500 0.000 0.000 0.000 0.000 16 3 1 1 0 1 0
303641 303641 1 1 2.000 3002 1.250 -13.500 0.000 0.000 0.000 0.000 16 3 3 1 0 1 0
303642 303642 1 1 4.000 3002 1.250 -13.500 0.000 0.000 0.000 0.000 16 3 3 1 0 1 0
303643 303643 1 1 8.000 3002 1.250 -13.500 0.000 0.000 0.000 0.000 16 3 3 1 0 1 0
303644 303644 1 1 12.000 3002 1.250 -13.500 0.000 0.000 0.000 0.000 16 3 3 1 0 1 0
303645 303645 1 2 16.000 3002 1.250 -13.500 0.000 0.000 0.000 0.000 16 3 3 1 0 1 0
303646 303646 1 1 20.000 3002 1.250 -13.500 0.000 0.000 0.000 0.000 16 3 3 1 0 1 0
303647 303647 1 1 24.000 3002 1.250 -13.500 0.000 0.000 0.000 0.000 16 3 3 1 0 1 0
303648 303648 1 1 28.000 3002 1.250 -13.500 0.000 0.000 0.000 0.000 16 3 3 1 0 1 0
303649 303649 1 1 32.000 3002 1.250 -13.500 0.000 0.000 0.000 0.000 16 3 3 1 0 1 0
303650 303650 1 1 36.000 3002 1.250 -13.500 0.000 0.000 0.000 0.000 16 3 3 1 0 1 0
303651 303651 1 1 40.000 3002 1.250 -13.500 0.000 0.000 0.000 0.000 16 3 3 1 0 1 0
303781 303781 1 1 2.000 3002 1.250 -13.500 0.000 0.000 0.000 0.000 16 3 1 2 0 1 0
303782 303782 1 1 4.000 3002 1.250 -13.500 0.000 0.000 0.000 0.000 16 3 1 2 0 1 0
303783 303783 1 1 8.000 3002 1.250 -13.500 0.000 0.000 0.000 0.000 16 3 1 2 0 1 0
303784 303784 1 1 12.000 3002 1.250 -13.500 0.000 0.000 0.000 0.000 16 3 1 2 0 1 0
303785 303785 1 2 16.000 3002 1.250 -13.500 0.000 0.000 0.000 0.000 16 3 1 2 0 1 0
303786 303786 1 1 20.000 3002 1.250 -13.500 0.000 0.000 0.000 0.000 16 3 1 2 0 1 0
303787 303787 1 1 24.000 3002 1.250 -13.500 0.000 0.000 0.000 0.000 16 3 1 2 0 1 0
303788 303788 1 1 28.000 3002 1.250 -13.500 0.000 0.000 0.000 0.000 16 3 1 2 0 1 0
303789 303789 1 1 32.000 3002 1.250 -13.500 0.000 0.000 0.000 0.000 16 3 1 2 0 1 0
303790 303790 1 1 36.000 3002 1.250 -13.500 0.000 0.000 0.000 0.000 16 3 1 2 0 1 0
303791 303791 1 1 40.000 3002 1.250 -13.500 0.000 0.000 0.000 0.000 16 3 1 2 0 1 0
303801 303801 1 1 2.000 3002 1.250 -13.500 0.000 0.000 0.000 0.000 16 3 3 2 0 1 0
303802 303802 1 1 4.000 3002 1.250 -13.500 0.000 0.000 0.000 0.000 16 3 3 2 0 1 0
303803 303803 1 1 8.000 3002 1.250 -13.500 0.000 0.000 0.000 0.000 16 3 3 2 0 1 0
303804 303804 1 1 12.000 3002 1.250 -13.500 0.000 0.000 0.000 0.000 16 3 3 2 0 1 0
303805 303805 1 2 16.000 3002 1.250 -13.500 0.000 0.000 0.000 0.000 16 3 3 2 0 1 0
303806 303806 1 1 20.000 3002 1.250 -13.500 0.000 0.000 0.000 0.000 16 3 3 2 0 1 0
303807 303807 1 1 24.000 3002 1.250 -13.500 0.000 0.000 0.000 0.000 16 3 3 2 0 1 0
303808 303808 1 1 28.000 3002 1.250 -13.500 0.000 0.000 0.000 0.000 16 3 3 2 0 1 0
303809 303809 1 1 32.000 3002 1.250 -13.500 0.000 0.000 0.000 0.000 16 3 3 2 0 1 0
303810 303810 1 1 36.000 3002 1.250 -13.500 0.000 0.000 0.000 0.000 16 3 3 2 0 1 0
303811 303811 1 1 40.000 3002 1.250 -13.500 0.000 0.000 0.000 0.000 16 3 3 2 0 1 0
304421 304421 2 1 2.000 3003 6.750 -13.500 0.000 0.000 0.000 0.000 24 4 1 1 0 1 0
304422 304422 2 1 4.000 3003 6.750 -13.500 0.000 0.000 0.000 0.000 24 4 1 1 0 1 0
304423 304423 2 1 8.000 3003 6.750 -13.500 0.000 0.000 0.000 0.000 24 4 1 1 0 1 0
304424 304424 2 1 12.000 3003 6.750 -13.500 0.000 0.000 0.000 0.000 24 4 1 1 0 1 0
304425 304425 2 2 16.000 3003 6.750 -13.500 0.000 0.000 0.000 0.000 24 4 1 1 0 1 0
304426 304426 2 2 20.000 3003 6.750 -13.500 0.000 0.000 0.000 0.000 24 4 1 1 0 1 0
304427 304427 2 2 24.000 3003 6.750 -13.500 0.000 0.000 0.000 0.000 24 4 1 1 0 1 0
304428 304428 2 1 28.000 3003 6.750 -13.500 0.000 0.000 0.000 0.000 24 4 1 1 0 1 0
304429 304429 2 4 32.000 3003 6.750 -13.500 0.000 0.000 0.000 0.000 24 4 1 1 0 1 0
304430 304430 2 1 36.000 3003 6.750 -13.500 0.000 0.000 0.000 0.000 24 4 1 1 0 1 0
304431 304431 2 1 40.000 3003 6.750 -13.500 0.000 0.000 0.000 0.000 24 4 1 1 0 1 0
304432 304432 2 1 44.000 3003 6.750 -13.500 0.000 0.000 0.000 0.000 24 4 1 1 0 1 0
304433 304433 2 1 48.000 3003 6.750 -13.500 0.000 0.000 0.000 0.000 24 4 1 1 0 1 0
304441 304441 2 1 2.000 3003 6.750 -13.500 0.000 0.000 0.000 0.000 24 4 3 1 0 1 0
304442 304442 2 1 4.000 3003 6.750 -13.500 0.000 0.000 0.000 0.000 24 4 3 1 0 1 0
304443 304443 2 1 8.000 3003 6.750 -13.500 0.000 0.000 0.000 0.000 24 4 3 1 0 1 0
304444 304444 2 1 12.000 3003 6.750 -13.500 0.000 0.000 0.000 0.000 24 4 3 1 0 1 0
304445 304445 2 2 16.000 3003 6.750 -13.500 0.000 0.000 0.000 0.000 24 4 3 1 0 1 0
304446 304446 2 2 20.000 3003 6.750 -13.500 0.000 0.000 0.000 0.000 24 4 3 1 0 1 0
304447 304447 2 2 24.000 3003 6.750 -13.500 0.000 0.000 0.000 0.000 24 4 3 1 0 1 0
304448 304448 2 1 28.000 3003 6.750 -13.500 0.000 0.000 0.000 0.000 24 4 3 1 0 1 0
304449 304449 2 4 32.000 3003 6.750 -13.500 0.000 0.000 0.000 0.000 24 4 3 1 0 1 0
304450 304450 2 1 36.000 3003 6.750 -13.500 0.000 0.000 0.000 0.000 24 4 3 1 0 1 0
304451 304451 2 1 40.000 3003 6.750 -13.500 0.000 0.000 0.000 0.000 24 4 3 1 0 1 0
304461 304461 2 1 2.000 3003 6.750 -13.500 0.000 0.000 0.000 0.000 24 4 4 1 0 1 0
304462 304462 2 1 4.000 3003 6.750 -13.500 0.000 0.000 0.000 0.000 24 4 4 1 0 1 0
304463 304463 2 1 8.000 3003 6.750 -13.500 0.000 0.000 0.000 0.000 24 4 4 1 0 1 0
304464 304464 2 1 12.000 3003 6.750 -13.500 0.000 0.000 0.000 0.000 24 4 4 1 0 1 0
304465 304465 2 2 16.000 3003 6.750 -13.500 0.000 0.000 0.000 0.000 24 4 4 1 0 1 0
304466 304466 2 5 20.000 3003 6.750 -13.500 0.000 0.000 0.000 0.000 24 4 4 1 0 1 0
304467 304467 2 2 24.000 3003 6.750 -13.500 0.000 0.000 0.000 0.000 24 4 4 1 0 1 0
304468 304468 2 7 28.000 3003 6.750 -13.500 0.000 0.000 0.000 0.000 24 4 4 1 0 1 0
304469 304469 2 1 32.000 3003 6.750 -13.500 0.000 0.000 0.000 0.000 24 4 4 1 0 1 0
304470 304470 2 3 36.000 3003 6.750 -13.500 0.000 0.000 0.000 0.000 24 4 4 1 0 1 0
304471 304471 2 5 40.000 3003 6.750 -13.500 0.000 0.000 0.000 0.000 24 4 4 1 0 1 0
305221 305221 2 1 2.000 3003 9.450 -13.500 0.000 0.000 0.000 0.000 32 4 1 1 0 1 0
305222 305222 2 1 4.000 3003 9.450 -13.500 0.000 0.000 0.000 0.000 32 4 1 1 0 1 0
305223 305223 2 1 8.000 3003 9.450 -13.500 0.000 0.000 0.000 0.000 32 4 1 1 0 1 0
305224 305224 2 1 12.000 3003 9.450 -13.500 0.000 0.000 0.000 0.000 32 4 1 1 0 1 0
305225 305225 2 2 16.000 3003 9.450 -13.500 0.000 0.000 0.000 0.000 32 4 1 1 0 1 0
305226 305226 2 2 20.000 3003 9.450 -13.500 0.000 0.000 0.000 0.000 32 4 1 1 0 1 0
305227 305227 2 2 24.000 3003 9.450 -13.500 0.000 0.000 0.000 0.000 32 4 1 1 0 1 0
305228 305228 2 2 28.000 3003 9.450 -13.500 0.000 0.000 0.000 0.000 32 4 1 1 0 1 0
305229 305229 2 4 32.000 3003 9.450 -13.500 0.000 0.000 0.000 0.000 32 4 1 1 0 1 0
305230 305230 2 1 36.000 3003 9.450 -13.500 0.000 0.000 0.000 0.000 32 4 1 1 0 1 0
305231 305231 2 1 40.000 3003 9.450 -13.500 0.000 0.000 0.000 0.000 32 4 1 1 0 1 0
305232 305232 2 1 44.000 3003 9.450 -13.500 0.000 0.000 0.000 0.000 32 4 1 1 0 1 0
305233 305233 2 1 48.000 3003 9.450 -13.500 0.000 0.000 0.000 0.000 32 4 1 1 0 1 0
305241 305241 2 1 2.000 3003 9.450 -13.500 0.000 0.000 0.000 0.000 32 4 3 1 0 1 0
305242 305242 2 1 4.000 3003 9.450 -13.500 0.000 0.000 0.000 0.000 32 4 3 1 0 1 0
305243 305243 2 1 8.000 3003 9.450 -13.500 0.000 0.000 0.000 0.000 32 4 3 1 0 1 0
305244 305244 2 1 12.000 3003 9.450 -13.500 0.000 0.000 0.000 0.000 32 4 3 1 0 1 0
305245 305245 2 2 16.000 3003 9.450 -13.500 0.000 0.000 0.000 0.000 32 4 3 1 0 1 0
305246 305246 2 2 20.000 3003 9.450 -13.500 0.000 0.000 0.000 0.000 32 4 3 1 0 1 0
305247 305247 2 2 24.000 3003 9.450 -13.500 0.000 0.000 0.000 0.000 32 4 3 1 0 1 0
305248 305248 2 2 28.000 3003 9.450 -13.500 0.000 0.000 0.000 0.000 32 4 3 1 0 1 0
305249 305249 2 4 32.000 3003 9.450 -13.500 0.000 0.000 0.000 0.000 32 4 3 1 0 1 0
305250 305250 2 1 36.000 3003 9.450 -13.500 0.000 0.000 0.000 0.000 32 4 3 1 0 1 0
305251 305251 2 1 40.000 3003 9.450 -13.500 0.000 0.000 0.000 0.000 32 4 3 1 0 1 0
305261 305261 2 1 2.000 3003 9.450 -13.500 0.000 0.000 0.000 0.000 32 4 4 1 0 1 0
305262 305262 2 1 4.000 3003 9.450 -13.500 0.000 0.000 0.000 0.000 32 4 4 1 0 1 0
305263 305263 2 1 8.000 3003 9.450 -13.500 0.000 0.000 0.000 0.000 32 4 4 1 0 1 0
305264 305264 2 1 12.000 3003 9.450 -13.500 0.000 0.000 0.000 0.000 32 4 4 1 0 1 0
305265 305265 2 2 16.000 3003 9.450 -13.500 0.000 0.000 0.000 0.000 32 4 4 1 0 1 0
305266 305266 2 2 20.000 3003 9.450 -13.500 0.000 0.000 0.000 0.000 32 4 4 1 0 1 0
305267 305267 2 2 24.000 3003 9.450 -13.500 0.000 0.000 0.000 0.000 32 4 4 1 0 1 0
305268 305268 2 7 28.000 3003 9.450 -13.500 0.000 0.000 0.000 0.000 32 4 4 1 0 1 0
305269 305269 2 1 32.000 3003 9.450 -13.500 0.000 0.000 0.000 0.000 32 4 4 1 0 1 0
305270 305270 2 3 36.000 3003 9.450 -13.500 0.000 0.000 0.000 0.000 32 4 4 1 0 1 0
305271 305271 2 5 40.000 3003 9.450 -13.500 0.000 0.000 0.000 0.000 32 4 4 1 0 1 0
305284 305284 3 1 12.000 3006 16.000 -13.500 0.000 0.000 0.000 0.000 32 11 5 1 0 4 0
305287 305287 3 2 24.000 3006 16.000 -13.500 0.000 0.000 0.000 0.000 32 11 5 1 0 4 0
306021 306021 3 1 2.000 3004 15.450 -13.500 0.000 0.000 0.000 0.000 44 5 1 1 0 1 0
306022 306022 3 1 4.000 3004 15.450 -13.500 0.000 0.000 0.000 0.000 44 5 1 1 0 1 0
306023 306023 3 1 8.000 3004 15.450 -13.500 0.000 0.000 0.000 0.000 44 5 1 1 0 1 0
306024 306024 3 1 12.000 3004 15.450 -13.500 0.000 0.000 0.000 0.000 44 5 1 1 0 1 0
306025 306025 3 2 16.000 3004 15.450 -13.500 0.000 0.000 0.000 0.000 44 5 1 1 0 1 0
306026 306026 3 2 20.000 3004 15.450 -13.500 0.000 0.000 0.000 0.000 44 5 1 1 0 1 0
306027 306027 3 2 24.000 3004 15.450 -13.500 0.000 0.000 0.000 0.000 44 5 1 1 0 1 0
306028 306028 3 1 28.000 3004 15.450 -13.500 0.000 0.000 0.000 0.000 44 5 1 1 0 1 0
306029 306029 3 4 32.000 3004 15.450 -13.500 0.000 0.000 0.000 0.000 44 5 1 1 0 1 0
306030 306030 3 3 36.000 3004 15.450 -13.500 0.000 0.000 0.000 0.000 44 5 1 1 0 1 0
306031 306031 3 1 40.000 3004 15.450 -13.500 0.000 0.000 0.000 0.000 44 5 1 1 0 1 0
306032 306032 3 1 44.000 3004 15.450 -13.500 0.000 0.000 0.000 0.000 44 5 1 1 0 1 0
306033 306033 3 1 48.000 3004 15.450 -13.500 0.000 0.000 0.000 0.000 44 5 1 1 0 1 0
306034 306034 3 1 52.000 3004 15.450 -13.500 0.000 0.000 0.000 0.000 44 5 1 1 0 1 0
306035 306035 3 1 56.000 3004 15.450 -13.500 0.000 0.000 0.000 0.000 44 5 1 1 0 1 0
306041 306041 3 1 2.000 3004 15.450 -13.500 0.000 0.000 0.000 0.000 44 5 3 1 0 1 0
306042 306042 3 1 4.000 3004 15.450 -13.500 0.000 0.000 0.000 0.000 44 5 3 1 0 1 0
306043 306043 3 1 8.000 3004 15.450 -13.500 0.000 0.000 0.000 0.000 44 5 3 1 0 1 0
306044 306044 3 1 12.000 3004 15.450 -13.500 0.000 0.000 0.000 0.000 44 5 3 1 0 1 0
306045 306045 3 2 16.000 3004 15.450 -13.500 0.000 0.000 0.000 0.000 44 5 3 1 0 1 0
306046 306046 3 2 20.000 3004 15.450 -13.500 0.000 0.000 0.000 0.000 44 5 3 1 0 1 0
306047 306047 3 2 24.000 3004 15.450 -13.500 0.000 0.000 0.000 0.000 44 5 3 1 0 1 0
306048 306048 3 1 28.000 3004 15.450 -13.500 0.000 0.000 0.000 0.000 44 5 3 1 0 1 0
306049 306049 3 4 32.000 3004 15.450 -13.500 0.000 0.000 0.000 0.000 44 5 3 1 0 1 0
306050 306050 3 3 36.000 3004 15.450 -13.500 0.000 0.000 0.000 0.000 44 5 3 1 0 1 0
306051 306051 3 1 40.000 3004 15.450 -13.500 0.000 0.000 0.000 0.000 44 5 3 1 0 1 0
306052 306052 3 1 44.000 3004 15.450 -13.500 0.000 0.000 0.000 0.000 44 5 3 1 0 1 0
306053 306053 3 1 48.000 3004 15.450 -13.500 0.000 0.000 0.000 0.000 44 5 3 1 0 1 0
306054 306054 3 1 52.000 3004 15.450 -13.500 0.000 0.000 0.000 0.000 44 5 3 1 0 1 0
306055 306055 3 1 56.000 3004 15.450 -13.500 0.000 0.000 0.000 0.000 44 5 3 1 0 1 0
306061 306061 3 1 2.000 3004 15.450 -13.500 0.000 0.000 0.000 0.000 44 5 4 1 0 1 0
306062 306062 3 1 4.000 3004 15.450 -13.500 0.000 0.000 0.000 0.000 44 5 4 1 0 1 0
306063 306063 3 1 8.000 3004 15.450 -13.500 0.000 0.000 0.000 0.000 44 5 4 1 0 1 0
306064 306064 3 1 12.000 3004 15.450 -13.500 0.000 0.000 0.000 0.000 44 5 4 1 0 1 0
306065 306065 3 2 16.000 3004 15.450 -13.500 0.000 0.000 0.000 0.000 44 5 4 1 0 1 0
306066 306066 3 2 20.000 3004 15.450 -13.500 0.000 0.000 0.000 0.000 44 5 4 1 0 1 0
306067 306067 3 2 24.000 3004 15.450 -13.500 0.000 0.000 0.000 0.000 44 5 4 1 0 1 0
306068 306068 3 7 28.000 3004 15.450 -13.500 0.000 0.000 0.000 0.000 44 5 4 1 0 1 0
306069 306069 3 4 32.000 3004 15.450 -13.500 0.000 0.000 0.000 0.000 44 5 4 1 0 1 0
306070 306070 3 3 36.000 3004 15.450 -13.500 0.000 0.000 0.000 0.000 44 5 4 1 0 1 0
306071 306071 3 5 40.000 3004 15.450 -13.500 0.000 0.000 0.000 0.000 44 5 4 1 0 1 0
306072 306072 3 5 44.000 3004 15.450 -13.500 0.000 0.000 0.000 0.000 44 5 4 1 0 1 0
306073 306073 3 5 48.000 3004 15.450 -13.500 0.000 0.000 0.000 0.000 44 5 4 1 0 1 0
306074 306074 3 5 52.000 3004 15.450 -13.500 0.000 0.000 0.000 0.000 44 5 4 1 0 1 0
306075 306075 3 5 56.000 3004 15.450 -13.500 0.000 0.000 0.000 0.000 44 5 4 1 0 1 0
306821 306821 3 1 2.000 3004 21.450 -13.500 0.000 0.000 0.000 0.000 56 5 1 1 0 1 0
306822 306822 3 1 4.000 3004 21.450 -13.500 0.000 0.000 0.000 0.000 56 5 1 1 0 1 0
306823 306823 3 1 8.000 3004 21.450 -13.500 0.000 0.000 0.000 0.000 56 5 1 1 0 1 0
306824 306824 3 1 12.000 3004 21.450 -13.500 0.000 0.000 0.000 0.000 56 5 1 1 0 1 0
306825 306825 3 1 16.000 3004 21.450 -13.500 0.000 0.000 0.000 0.000 56 5 1 1 0 1 0
306826 306826 3 1 20.000 3004 21.450 -13.500 0.000 0.000 0.000 0.000 56 5 1 1 0 1 0
306827 306827 3 1 24.000 3004 21.450 -13.500 0.000 0.000 0.000 0.000 56 5 1 1 0 1 0
306828 306828 3 1 28.000 3004 21.450 -13.500 0.000 0.000 0.000 0.000 56 5 1 1 0 1 0
306829 306829 3 1 32.000 3004 21.450 -13.500 0.000 0.000 0.000 0.000 56 5 1 1 0 1 0
306830 306830 3 1 36.000 3004 21.450 -13.500 0.000 0.000 0.000 0.000 56 5 1 1 0 1 0
306831 306831 3 1 40.000 3004 21.450 -13.500 0.000 0.000 0.000 0.000 56 5 1 1 0 1 0
306832 306832 3 4 44.000 3004 21.450 -13.500 0.000 0.000 0.000 0.000 56 5 1 1 0 1 0
306833 306833 3 1 48.000 3004 21.450 -13.500 0.000 0.000 0.000 0.000 56 5 1 1 0 1 0
306834 306834 3 4 52.000 3004 21.450 -13.500 0.000 0.000 0.000 0.000 56 5 1 1 0 1 0
306835 306835 3 1 56.000 3004 21.450 -13.500 0.000 0.000 0.000 0.000 56 5 1 1 0 1 0
306841 306841 3 1 2.000 3004 21.450 -13.500 0.000 0.000 0.000 0.000 56 5 3 1 0 1 0
306842 306842 3 1 4.000 3004 21.450 -13.500 0.000 0.000 0.000 0.000 56 5 3 1 0 1 0
306843 306843 3 1 8.000 3004 21.450 -13.500 0.000 0.000 0.000 0.000 56 5 3 1 0 1 0
306844 306844 3 1 12.000 3004 21.450 -13.500 0.000 0.000 0.000 0.000 56 5 3 1 0 1 0
306845 306845 3 2 16.000 3004 21.450 -13.500 0.000 0.000 0.000 0.000 56 5 3 1 0 1 0
306846 306846 3 2 20.000 3004 21.450 -13.500 0.000 0.000 0.000 0.000 56 5 3 1 0 1 0
306847 306847 3 2 24.000 3004 21.450 -13.500 0.000 0.000 0.000 0.000 56 5 3 1 0 1 0
306848 306848 3 1 28.000 3004 21.450 -13.500 0.000 0.000 0.000 0.000 56 5 3 1 0 1 0
306849 306849 3 4 32.000 3004 21.450 -13.500 0.000 0.000 0.000 0.000 56 5 3 1 0 1 0
306850 306850 3 3 36.000 3004 21.450 -13.500 0.000 0.000 0.000 0.000 56 5 3 1 0 1 0
306851 306851 3 4 40.000 3004 21.450 -13.500 0.000 0.000 0.000 0.000 56 5 3 1 0 1 0
306852 306852 3 4 44.000 3004 21.450 -13.500 0.000 0.000 0.000 0.000 56 5 3 1 0 1 0
306853 306853 3 1 48.000 3004 21.450 -13.500 0.000 0.000 0.000 0.000 56 5 3 1 0 1 0
306854 306854 3 4 52.000 3004 21.450 -13.500 0.000 0.000 0.000 0.000 56 5 3 1 0 1 0
306855 306855 3 1 56.000 3004 21.450 -13.500 0.000 0.000 0.000 0.000 56 5 3 1 0 1 0
306861 306861 3 1 2.000 3004 21.450 -13.500 0.000 0.000 0.000 0.000 56 5 4 1 0 1 0
306862 306862 3 1 4.000 3004 21.450 -13.500 0.000 0.000 0.000 0.000 56 5 4 1 0 1 0
306863 306863 3 1 8.000 3004 21.450 -13.500 0.000 0.000 0.000 0.000 56 5 4 1 0 1 0
306864 306864 3 1 12.000 3004 21.450 -13.500 0.000 0.000 0.000 0.000 56 5 4 1 0 1 0
306865 306865 3 2 16.000 3004 21.450 -13.500 0.000 0.000 0.000 0.000 56 5 4 1 0 1 0
306866 306866 3 2 20.000 3004 21.450 -13.500 0.000 0.000 0.000 0.000 56 5 4 1 0 1 0
306867 306867 3 2 24.000 3004 21.450 -13.500 0.000 0.000 0.000 0.000 56 5 4 1 0 1 0
306868 306868 3 7 28.000 3004 21.450 -13.500 0.000 0.000 0.000 0.000 56 5 4 1 0 1 0
306869 306869 3 1 32.000 3004 21.450 -13.500 0.000 0.000 0.000 0.000 56 5 4 1 0 1 0
306870 306870 3 3 36.000 3004 21.450 -13.500 0.000 0.000 0.000 0.000 56 5 4 1 0 1 0
306871 306871 3 5 40.000 3004 21.450 -13.500 0.000 0.000 0.000 0.000 56 5 4 1 0 1 0
306872 306872 3 4 44.000 3004 21.450 -13.500 0.000 0.000 0.000 0.000 56 5 4 1 0 1 0
306873 306873 3 4 48.000 3004 21.450 -13.500 0.000 0.000 0.000 0.000 56 5 4 1 0 1 0
306874 306874 3 4 52.000 3004 21.450 -13.500 0.000 0.000 0.000 0.000 56 5 4 1 0 1 0
306875 306875 3 5 56.000 3004 21.450 -13.500 0.000 0.000 0.000 0.000 56 5 4 1 0 1 0
307621 307621 4 1 2.000 3005 30.950 -13.500 0.000 0.000 0.000 0.000 72 6 1 1 0 1 0
307622 307622 4 1 4.000 3005 30.950 -13.500 0.000 0.000 0.000 0.000 72 6 1 1 0 1 0
307623 307623 4 2 8.000 3005 30.950 -13.500 0.000 0.000 0.000 0.000 72 6 1 1 0 1 0
307624 307624 4 3 12.000 3005 30.950 -13.500 0.000 0.000 0.000 0.000 72 6 1 1 0 1 0
307625 307625 4 4 16.000 3005 30.950 -13.500 0.000 0.000 0.000 0.000 72 6 1 1 0 1 0
307626 307626 4 5 20.000 3005 30.950 -13.500 0.000 0.000 0.000 0.000 72 6 1 1 0 1 0
307627 307627 4 6 24.000 3005 30.950 -13.500 0.000 0.000 0.000 0.000 72 6 1 1 0 1 0
307628 307628 4 7 28.000 3005 30.950 -13.500 0.000 0.000 0.000 0.000 72 6 1 1 0 1 0
307629 307629 4 8 32.000 3005 30.950 -13.500 0.000 0.000 0.000 0.000 72 6 1 1 0 1 0
307630 307630 4 9 36.000 3005 30.950 -13.500 0.000 0.000 0.000 0.000 72 6 1 1 0 1 0
307631 307631 4 1 40.000 3005 30.950 -13.500 0.000 0.000 0.000 0.000 72 6 1 1 0 1 0
307632 307632 4 1 44.000 3005 30.950 -13.500 0.000 0.000 0.000 0.000 72 6 1 1 0 1 0
307633 307633 4 1 48.000 3005 30.950 -13.500 0.000 0.000 0.000 0.000 72 6 1 1 0 1 0
307634 307634 4 1 52.000 3005 30.950 -13.500 0.000 0.000 0.000 0.000 72 6 1 1 0 1 0
307635 307635 4 1 56.000 3005 30.950 -13.500 0.000 0.000 0.000 0.000 72 6 1 1 0 1 0
307636 307636 4 1 60.000 3005 30.950 -13.500 0.000 0.000 0.000 0.000 72 6 1 1 0 1 0
307637 307637 4 1 64.000 3005 30.950 -13.500 0.000 0.000 0.000 0.000 72 6 1 1 0 1 0
307638 307638 4 1 68.000 3005 30.950 -13.500 0.000 0.000 0.000 0.000 72 6 1 1 0 1 0
307639 307639 4 1 72.000 3005 30.950 -13.500 0.000 0.000 0.000 0.000 72 6 1 1 0 1 0
307640 307640 4 1 76.000 3005 30.950 -13.500 0.000 0.000 0.000 0.000 72 6 1 1 0 1 0
307641 307641 4 1 2.000 3005 30.950 -13.500 0.000 0.000 0.000 0.000 72 6 3 1 0 1 0
307642 307642 4 1 4.000 3005 30.950 -13.500 0.000 0.000 0.000 0.000 72 6 3 1 0 1 0
307643 307643 4 2 8.000 3005 30.950 -13.500 0.000 0.000 0.000 0.000 72 6 3 1 0 1 0
307644 307644 4 4 12.000 3005 30.950 -13.500 0.000 0.000 0.000 0.000 72 6 3 1 0 1 0
307645 307645 4 4 16.000 3005 30.950 -13.500 0.000 0.000 0.000 0.000 72 6 3 1 0 1 0
307646 307646 4 5 20.000 3005 30.950 -13.500 0.000 0.000 0.000 0.000 72 6 3 1 0 1 0
307647 307647 4 6 24.000 3005 30.950 -13.500 0.000 0.000 0.000 0.000 72 6 3 1 0 1 0
307648 307648 4 7 28.000 3005 30.950 -13.500 0.000 0.000 0.000 0.000 72 6 3 1 0 1 0
307649 307649 4 8 32.000 3005 30.950 -13.500 0.000 0.000 0.000 0.000 72 6 3 1 0 1 0
307650 307650 4 9 36.000 3005 30.950 -13.500 0.000 0.000 0.000 0.000 72 6 3 1 0 1 0
307651 307651 4 1 40.000 3005 30.950 -13.500 0.000 0.000 0.000 0.000 72 6 3 1 0 1 0
307652 307652 4 1 44.000 3005 30.950 -13.500 0.000 0.000 0.000 0.000 72 6 3 1 0 1 0
307653 307653 4 1 48.000 3005 30.950 -13.500 0.000 0.000 0.000 0.000 72 6 3 1 0 1 0
307654 307654 4 1 52.000 3005 30.950 -13.500 0.000 0.000 0.000 0.000 72 6 3 1 0 1 0
307655 307655 4 1 56.000 3005 30.950 -13.500 0.000 0.000 0.000 0.000 72 6 3 1 0 1 0
307656 307656 4 1 60.000 3005 30.950 -13.500 0.000 0.000 0.000 0.000 72 6 3 1 0 1 0
307657 307657 4 1 64.000 3005 30.950 -13.500 0.000 0.000 0.000 0.000 72 6 3 1 0 1 0
307658 307658 4 1 68.000 3005 30.950 -13.500 0.000 0.000 0.000 0.000 72 6 3 1 0 1 0
307659 307659 4 1 72.000 3005 30.950 -13.500 0.000 0.000 0.000 0.000 72 6 3 1 0 1 0
307660 307660 4 1 76.000 3005 30.950 -13.500 0.000 0.000 0.000 0.000 72 6 3 1 0 1 0
307661 307661 4 1 2.000 3005 30.950 -13.500 0.000 0.000 0.000 0.000 72 6 4 1 0 1 0
307662 307662 4 1 4.000 3005 30.950 -13.500 0.000 0.000 0.000 0.000 72 6 4 1 0 1 0
307663 307663 4 1 8.000 3005 30.950 -13.500 0.000 0.000 0.000 0.000 72 6 4 1 0 1 0
307664 307664 4 1 12.000 3005 30.950 -13.500 0.000 0.000 0.000 0.000 72 6 4 1 0 1 0
307665 307665 4 1 16.000 3005 30.950 -13.500 0.000 0.000 0.000 0.000 72 6 4 1 0 1 0
307666 307666 4 5 20.000 3005 30.950 -13.500 0.000 0.000 0.000 0.000 72 6 4 1 0 1 0
307667 307667 4 2 24.000 3005 30.950 -13.500 0.000 0.000 0.000 0.000 72 6 4 1 0 1 0
307668 307668 4 7 28.000 3005 30.950 -13.500 0.000 0.000 0.000 0.000 72 6 4 1 0 1 0
307669 307669 4 2 32.000 3005 30.950 -13.500 0.000 0.000 0.000 0.000 72 6 4 1 0 1 0
307670 307670 4 3 36.000 3005 30.950 -13.500 0.000 0.000 0.000 0.000 72 6 4 1 0 1 0
307671 307671 4 5 40.000 3005 30.950 -13.500 0.000 0.000 0.000 0.000 72 6 4 1 0 1 0
307672 307672 4 5 44.000 3005 30.950 -13.500 0.000 0.000 0.000 0.000 72 6 4 1 0 1 0
307673 307673 4 5 48.000 3005 30.950 -13.500 0.000 0.000 0.000 0.000 72 6 4 1 0 1 0
307674 307674 4 5 52.000 3005 30.950 -13.500 0.000 0.000 0.000 0.000 72 6 4 1 0 1 0
307675 307675 4 5 56.000 3005 30.950 -13.500 0.000 0.000 0.000 0.000 72 6 4 1 0 1 0
307676 307676 4 5 60.000 3005 30.950 -13.500 0.000 0.000 0.000 0.000 72 6 4 1 0 1 0
307677 307677 4 5 64.000 3005 30.950 -13.500 0.000 0.000 0.000 0.000 72 6 4 1 0 1 0
307678 307678 4 5 68.000 3005 30.950 -13.500 0.000 0.000 0.000 0.000 72 6 4 1 0 1 0
307679 307679 4 5 72.000 3005 30.950 -13.500 0.000 0.000 0.000 0.000 72 6 4 1 0 1 0
307680 307680 4 5 76.000 3005 30.950 -13.500 0.000 0.000 0.000 0.000 72 6 4 1 0 1 0
308461 308461 5 1 2.000 3012 37.450 -13.500 0.000 0.000 0.000 0.000 88 7 4 1 0 1 0
308462 308462 5 1 4.000 3012 37.450 -13.500 0.000 0.000 0.000 0.000 88 7 4 1 0 1 0
308463 308463 5 1 8.000 3012 37.450 -13.500 0.000 0.000 0.000 0.000 88 7 4 1 0 1 0
308464 308464 5 1 12.000 3012 37.450 -13.500 0.000 0.000 0.000 0.000 88 7 4 1 0 1 0
308465 308465 5 1 16.000 3012 37.450 -13.500 0.000 0.000 0.000 0.000 88 7 4 1 0 1 0
308466 308466 5 1 20.000 3012 37.450 -13.500 0.000 0.000 0.000 0.000 88 7 4 1 0 1 0
308467 308467 5 1 24.000 3012 37.450 -13.500 0.000 0.000 0.000 0.000 88 7 4 1 0 1 0
308468 308468 5 1 28.000 3012 37.450 -13.500 0.000 0.000 0.000 0.000 88 7 4 1 0 1 0
308469 308469 5 1 32.000 3012 37.450 -13.500 0.000 0.000 0.000 0.000 88 7 4 1 0 1 0
308470 308470 5 1 36.000 3012 37.450 -13.500 0.000 0.000 0.000 0.000 88 7 4 1 0 1 0
308471 308471 5 1 40.000 3012 37.450 -13.500 0.000 0.000 0.000 0.000 88 7 4 1 0 1 0
308472 308472 5 1 44.000 3012 37.450 -13.500 0.000 0.000 0.000 0.000 88 7 4 1 0 1 0
308473 308473 5 1 48.000 3012 37.450 -13.500 0.000 0.000 0.000 0.000 88 7 4 1 0 1 0
308474 308474 5 1 52.000 3012 37.450 -13.500 0.000 0.000 0.000 0.000 88 7 4 1 0 1 0
308475 308475 5 1 56.000 3012 37.450 -13.500 0.000 0.000 0.000 0.000 88 7 4 1 0 1 0
308476 308476 5 1 60.000 3012 37.450 -13.500 0.000 0.000 0.000 0.000 88 7 4 1 0 1 0
308477 308477 5 1 64.000 3012 37.450 -13.500 0.000 0.000 0.000 0.000 88 7 4 1 0 1 0
308478 308478 5 1 68.000 3012 37.450 -13.500 0.000 0.000 0.000 0.000 88 7 4 1 0 1 0
308479 308479 5 1 72.000 3012 37.450 -13.500 0.000 0.000 0.000 0.000 88 7 4 1 0 1 0
308480 308480 5 1 76.000 3012 37.450 -13.500 0.000 0.000 0.000 0.000 88 7 4 1 0 1 0
309261 309261 6 1 2.000 3013 45.450 -13.500 0.000 0.000 0.000 0.000 104 8 4 1 0 1 0
309262 309262 6 1 4.000 3013 45.450 -13.500 0.000 0.000 0.000 0.000 104 8 4 1 0 1 0
309263 309263 6 1 8.000 3013 45.450 -13.500 0.000 0.000 0.000 0.000 104 8 4 1 0 1 0
309264 309264 6 1 12.000 3013 45.450 -13.500 0.000 0.000 0.000 0.000 104 8 4 1 0 1 0
309265 309265 6 1 16.000 3013 45.450 -13.500 0.000 0.000 0.000 0.000 104 8 4 1 0 1 0
309266 309266 6 1 20.000 3013 45.450 -13.500 0.000 0.000 0.000 0.000 104 8 4 1 0 1 0
309267 309267 6 1 24.000 3013 45.450 -13.500 0.000 0.000 0.000 0.000 104 8 4 1 0 1 0
309268 309268 6 1 28.000 3013 45.450 -13.500 0.000 0.000 0.000 0.000 104 8 4 1 0 1 0
309269 309269 6 1 32.000 3013 45.450 -13.500 0.000 0.000 0.000 0.000 104 8 4 1 0 1 0
309270 309270 6 1 36.000 3013 45.450 -13.500 0.000 0.000 0.000 0.000 104 8 4 1 0 1 0
309271 309271 6 1 40.000 3013 45.450 -13.500 0.000 0.000 0.000 0.000 104 8 4 1 0 1 0
309272 309272 6 1 44.000 3013 45.450 -13.500 0.000 0.000 0.000 0.000 104 8 4 1 0 1 0
309273 309273 6 1 48.000 3013 45.450 -13.500 0.000 0.000 0.000 0.000 104 8 4 1 0 1 0
309274 309274 6 1 52.000 3013 45.450 -13.500 0.000 0.000 0.000 0.000 104 8 4 1 0 1 0
309275 309275 6 1 56.000 3013 45.450 -13.500 0.000 0.000 0.000 0.000 104 8 4 1 0 1 0
309276 309276 6 1 60.000 3013 45.450 -13.500 0.000 0.000 0.000 0.000 104 8 4 1 0 1 0
309277 309277 6 1 64.000 3013 45.450 -13.500 0.000 0.000 0.000 0.000 104 8 4 1 0 1 0
309278 309278 6 1 68.000 3013 45.450 -13.500 0.000 0.000 0.000 0.000 104 8 4 1 0 1 0
309279 309279 6 1 72.000 3013 45.450 -13.500 0.000 0.000 0.000 0.000 104 8 4 1 0 1 0
309280 309280 6 1 76.000 3013 45.450 -13.500 0.000 0.000 0.000 0.000 104 8 4 1 0 1 0
310021 310021 4 0 0.000 3011 10.500 -13.500 31.500 -13.500 52.500 -13.500 0 10 0 0 1 3 0
310022 310022 4 0 0.000 3011 10.500 -13.500 31.500 -13.500 52.500 -13.500 0 10 0 0 2 3 0
310023 310023 4 0 0.000 3011 10.500 -13.500 31.500 -13.500 52.500 -13.500 0 10 0 0 3 3 0
310024 310024 4 0 0.000 3011 10.500 -13.500 31.500 -13.500 52.500 -13.500 0 10 0 0 4 3 0
310025 310025 2 0 0.000 3034 10.500 -13.500 0.000 0.000 0.000 0.000 0 52 0 0 1 3 0
310026 310026 2 0 0.000 3034 10.500 -13.500 0.000 0.000 0.000 0.000 0 52 0 0 2 3 0
310027 310027 2 0 0.000 3034 10.500 -13.500 0.000 0.000 0.000 0.000 0 52 0 0 3 3 0
310028 310028 2 0 0.000 3034 10.500 -13.500 0.000 0.000 0.000 0.000 0 52 0 0 4 3 0
310041 310041 2 1 0.000 3041 10.500 -13.500 0.000 0.000 0.000 0.000 0 42 0 0 0 14 0
310042 310042 4 1 0.000 3042 31.500 -13.500 0.000 0.000 0.000 0.000 0 43 0 0 0 14 0
310043 310043 6 0 0.000 3045 52.500 -13.500 0.000 0.000 0.000 0.000 0 51 0 0 0 14 0
310044 310044 4 0 0.000 3043 31.500 -4.500 0.000 0.000 0.000 0.000 0 43 0 0 0 14 0
316001 316001 3 1 0.000 3061 29.000 -13.500 0.000 0.000 0.000 0.000 0 46 0 0 0 16 0
316002 316002 3 2 0.000 3061 29.000 -13.500 0.000 0.000 0.000 0.000 0 46 0 0 0 16 0
316003 316003 3 3 0.000 3061 29.000 -13.500 0.000 0.000 0.000 0.000 0 46 0 0 0 16 0
316004 316004 3 4 0.000 3061 29.000 -13.500 0.000 0.000 0.000 0.000 0 46 0 0 0 16 0
316011 316011 3 1 0.000 3062 29.000 -13.500 0.000 0.000 0.000 0.000 0 47 0 0 0 16 0
316012 316012 3 2 0.000 3062 29.000 -13.500 0.000 0.000 0.000 0.000 0 47 0 0 0 16 0
316013 316013 3 3 0.000 3062 29.000 -13.500 0.000 0.000 0.000 0.000 0 47 0 0 0 16 0
316014 316014 3 4 0.000 3062 29.000 -13.500 0.000 0.000 0.000 0.000 0 47 0 0 0 16 0
316021 316021 3 1 0.000 3063 29.000 -13.500 0.000 0.000 0.000 0.000 0 48 0 0 0 16 0
316022 316022 3 2 0.000 3063 29.000 -13.500 0.000 0.000 0.000 0.000 0 48 0 0 0 16 0
316023 316023 3 3 0.000 3063 29.000 -13.500 0.000 0.000 0.000 0.000 0 48 0 0 0 16 0
316024 316024 3 4 0.000 3063 29.000 -13.500 0.000 0.000 0.000 0.000 0 48 0 0 0 16 0
316031 316031 3 1 0.000 3064 29.000 -13.500 0.000 0.000 0.000 0.000 0 49 0 0 0 16 0
316032 316032 3 2 0.000 3064 29.000 -13.500 0.000 0.000 0.000 0.000 0 49 0 0 0 16 0
316033 316033 3 3 0.000 3064 29.000 -13.500 0.000 0.000 0.000 0.000 0 49 0 0 0 16 0
316034 316034 3 4 0.000 3064 29.000 -13.500 0.000 0.000 0.000 0.000 0 49 0 0 0 16 0
316041 316041 3 1 0.000 3065 29.000 -13.500 0.000 0.000 0.000 0.000 0 58 0 0 0 20 0
316042 316042 3 2 0.000 3065 29.000 -13.500 0.000 0.000 0.000 0.000 0 58 0 0 0 20 0
316043 316043 3 3 0.000 3065 29.000 -13.500 0.000 0.000 0.000 0.000 0 58 0 0 0 20 0
316044 316044 3 4 0.000 3065 29.000 -13.500 0.000 0.000 0.000 0.000 0 58 0 0 0 20 0
316051 316051 3 1 0.000 3066 29.000 -13.500 0.000 0.000 0.000 0.000 0 59 0 0 0 20 0
316052 316052 3 2 0.000 3066 29.000 -13.500 0.000 0.000 0.000 0.000 0 59 0 0 0 20 0
316053 316053 3 3 0.000 3066 29.000 -13.500 0.000 0.000 0.000 0.000 0 59 0 0 0 20 0
316054 316054 3 4 0.000 3066 29.000 -13.500 0.000 0.000 0.000 0.000 0 59 0 0 0 20 0
316061 316061 3 1 0.000 3067 29.000 -13.500 0.000 0.000 0.000 0.000 0 60 0 0 0 20 0
316062 316062 3 2 0.000 3067 29.000 -13.500 0.000 0.000 0.000 0.000 0 60 0 0 0 20 0
316063 316063 3 3 0.000 3067 29.000 -13.500 0.000 0.000 0.000 0.000 0 60 0 0 0 20 0
316064 316064 3 4 0.000 3067 29.000 -13.500 0.000 0.000 0.000 0.000 0 60 0 0 0 20 0
316071 316071 3 1 0.000 3068 29.000 -13.500 0.000 0.000 0.000 0.000 0 61 0 0 0 20 0
316072 316072 3 2 0.000 3068 29.000 -13.500 0.000 0.000 0.000 0.000 0 61 0 0 0 20 0
316073 316073 3 3 0.000 3068 29.000 -13.500 0.000 0.000 0.000 0.000 0 61 0 0 0 20 0
316074 316074 3 4 0.000 3068 29.000 -13.500 0.000 0.000 0.000 0.000 0 61 0 0 0 20 0
316081 316081 3 1 0.000 3081 29.000 -13.500 0.000 0.000 0.000 0.000 0 62 0 0 0 16 0
316082 316082 3 2 0.000 3081 29.000 -13.500 0.000 0.000 0.000 0.000 0 62 0 0 0 16 0
316083 316083 3 3 0.000 3081 29.000 -13.500 0.000 0.000 0.000 0.000 0 62 0 0 0 16 0
316084 316084 3 4 0.000 3081 29.000 -13.500 0.000 0.000 0.000 0.000 0 62 0 0 0 16 0
316091 316091 3 1 0.000 3082 29.000 -13.500 0.000 0.000 0.000 0.000 0 63 0 0 0 16 0
316092 316092 3 2 0.000 3082 29.000 -13.500 0.000 0.000 0.000 0.000 0 63 0 0 0 16 0
316093 316093 3 3 0.000 3082 29.000 -13.500 0.000 0.000 0.000 0.000 0 63 0 0 0 16 0
316094 316094 3 4 0.000 3082 29.000 -13.500 0.000 0.000 0.000 0.000 0 63 0 0 0 16 0
316101 316101 3 1 0.000 3083 29.000 -13.500 0.000 0.000 0.000 0.000 0 64 0 0 0 16 0
316102 316102 3 2 0.000 3083 29.000 -13.500 0.000 0.000 0.000 0.000 0 64 0 0 0 16 0
316103 316103 3 3 0.000 3083 29.000 -13.500 0.000 0.000 0.000 0.000 0 64 0 0 0 16 0
316104 316104 3 4 0.000 3083 29.000 -13.500 0.000 0.000 0.000 0.000 0 64 0 0 0 16 0
316111 316111 3 1 0.000 3084 29.000 -13.500 0.000 0.000 0.000 0.000 0 65 0 0 0 16 0
316112 316112 3 2 0.000 3084 29.000 -13.500 0.000 0.000 0.000 0.000 0 65 0 0 0 16 0
316113 316113 3 3 0.000 3084 29.000 -13.500 0.000 0.000 0.000 0.000 0 65 0 0 0 16 0
316114 316114 3 4 0.000 3084 29.000 -13.500 0.000 0.000 0.000 0.000 0 65 0 0 0 16 0
326001 326001 3 1 0.000 3071 21.000 -13.500 0.000 0.000 0.000 0.000 0 53 0 0 0 18 0
326002 326002 3 2 0.000 3071 21.000 -13.500 0.000 0.000 0.000 0.000 0 53 0 0 0 18 0
326011 326011 5 1 0.000 3072 42.000 -13.500 0.000 0.000 0.000 0.000 0 54 0 0 0 18 0
326012 326012 5 2 0.000 3072 42.000 -13.500 0.000 0.000 0.000 0.000 0 54 0 0 0 18 0
326021 326021 5 1 0.000 3073 39.500 -13.500 0.000 0.000 0.000 0.000 0 55 0 0 0 18 0
326022 326022 5 2 0.000 3073 39.500 -13.500 0.000 0.000 0.000 0.000 0 55 0 0 0 18 0
326031 326031 6 1 0.000 3074 45.500 -13.500 0.000 0.000 0.000 0.000 0 56 0 0 0 18 0
326032 326032 6 2 0.000 3074 45.500 -13.500 0.000 0.000 0.000 0.000 0 56 0 0 0 18 0
335061 335061 7 1 2.000 3022 53.450 -13.500 0.000 0.000 0.000 0.000 120 9 4 1 0 1 0
335062 335062 7 1 4.000 3022 53.450 -13.500 0.000 0.000 0.000 0.000 120 9 4 1 0 1 0
335063 335063 7 1 8.000 3022 53.450 -13.500 0.000 0.000 0.000 0.000 120 9 4 1 0 1 0
335064 335064 7 1 12.000 3022 53.450 -13.500 0.000 0.000 0.000 0.000 120 9 4 1 0 1 0
335065 335065 7 1 16.000 3022 53.450 -13.500 0.000 0.000 0.000 0.000 120 9 4 1 0 1 0
335066 335066 7 1 20.000 3022 53.450 -13.500 0.000 0.000 0.000 0.000 120 9 4 1 0 1 0
335067 335067 7 1 24.000 3022 53.450 -13.500 0.000 0.000 0.000 0.000 120 9 4 1 0 1 0
335068 335068 7 1 28.000 3022 53.450 -13.500 0.000 0.000 0.000 0.000 120 9 4 1 0 1 0
335069 335069 7 1 32.000 3022 53.450 -13.500 0.000 0.000 0.000 0.000 120 9 4 1 0 1 0
335070 335070 7 1 36.000 3022 53.450 -13.500 0.000 0.000 0.000 0.000 120 9 4 1 0 1 0
335071 335071 7 1 40.000 3022 53.450 -13.500 0.000 0.000 0.000 0.000 120 9 4 1 0 1 0
335072 335072 7 1 44.000 3022 53.450 -13.500 0.000 0.000 0.000 0.000 120 9 4 1 0 1 0
335073 335073 7 1 48.000 3022 53.450 -13.500 0.000 0.000 0.000 0.000 120 9 4 1 0 1 0
335074 335074 7 1 52.000 3022 53.450 -13.500 0.000 0.000 0.000 0.000 120 9 4 1 0 1 0
335075 335075 7 1 56.000 3022 53.450 -13.500 0.000 0.000 0.000 0.000 120 9 4 1 0 1 0
335076 335076 7 1 60.000 3022 53.450 -13.500 0.000 0.000 0.000 0.000 120 9 4 1 0 1 0
335077 335077 7 1 64.000 3022 53.450 -13.500 0.000 0.000 0.000 0.000 120 9 4 1 0 1 0
335078 335078 7 1 68.000 3022 53.450 -13.500 0.000 0.000 0.000 0.000 120 9 4 1 0 1 0
335079 335079 7 1 72.000 3022 53.450 -13.500 0.000 0.000 0.000 0.000 120 9 4 1 0 1 0
335080 335080 7 1 76.000 3022 53.450 -13.500 0.000 0.000 0.000 0.000 120 9 4 1 0 1 0
336632 336632 1 1 1.000 3026 -5.300 2.500 5.200 2.500 0.000 0.000 4 32 1 1 0 1 0
336792 336792 1 1 1.000 3026 -5.300 2.500 5.200 2.500 0.000 0.000 4 32 1 2 0 1 0
336952 336952 1 1 1.000 3027 -4.000 2.500 6.500 2.500 0.000 0.000 4 33 1 1 0 1 0
337112 337112 1 1 1.000 3027 -4.000 2.500 6.500 2.500 0.000 0.000 4 33 1 2 0 1 0
337401 337401 1 1 2.000 4023 -4.000 2.500 0.000 0.000 0.000 0.000 8 26 0 1 0 5 0
337402 337402 1 1 4.000 4023 -4.000 2.500 0.000 0.000 0.000 0.000 8 26 0 1 0 5 0
337421 337421 1 1 2.000 4023 -4.000 2.500 0.000 0.000 0.000 0.000 8 26 1 1 0 5 0
337422 337422 1 1 4.000 4023 -4.000 2.500 0.000 0.000 0.000 0.000 8 26 1 1 0 5 0
337561 337561 1 1 2.000 4023 -4.000 2.500 0.000 0.000 0.000 0.000 8 26 0 2 0 5 0
337562 337562 1 1 4.000 4023 -4.000 2.500 0.000 0.000 0.000 0.000 8 26 0 2 0 5 0
337581 337581 1 1 2.000 4023 -4.000 2.500 0.000 0.000 0.000 0.000 8 26 1 2 0 5 0
337582 337582 1 1 4.000 4023 -4.000 2.500 0.000 0.000 0.000 0.000 8 26 1 2 0 5 0
338201 338201 1 1 2.000 3028 -4.000 2.500 6.500 2.500 0.000 0.000 8 34 0 1 0 1 0
338202 338202 1 1 4.000 3028 -4.000 2.500 6.500 2.500 0.000 0.000 8 34 0 1 0 1 0
338203 338203 1 1 8.000 3028 -4.000 2.500 6.500 2.500 0.000 0.000 8 34 0 1 0 1 0
338212 338212 1 1 1.000 3028 -4.000 1.500 6.500 1.500 0.000 0.000 8 34 0 1 0 1 0
338221 338221 1 1 2.000 3028 -4.000 2.500 6.500 2.500 0.000 0.000 8 34 1 1 0 1 0
338222 338222 1 1 4.000 3028 -4.000 2.500 6.500 2.500 0.000 0.000 8 34 1 1 0 1 0
338223 338223 1 1 8.000 3028 -4.000 2.500 6.500 2.500 0.000 0.000 8 34 1 1 0 1 0
338232 338232 1 1 1.000 3028 -4.000 1.500 6.500 1.500 0.000 0.000 8 34 1 1 0 1 0
338361 338361 1 1 2.000 3028 -4.000 2.500 6.500 2.500 0.000 0.000 8 34 0 2 0 1 0
338362 338362 1 1 4.000 3028 -4.000 2.500 6.500 2.500 0.000 0.000 8 34 0 2 0 1 0
338363 338363 1 1 8.000 3028 -4.000 2.500 6.500 2.500 0.000 0.000 8 34 0 2 0 1 0
338372 338372 1 1 1.000 3028 -4.000 1.500 6.500 1.500 0.000 0.000 8 34 0 2 0 1 0
338381 338381 1 1 2.000 3028 -4.000 2.500 6.500 2.500 0.000 0.000 8 34 1 2 0 1 0
338382 338382 1 1 4.000 3028 -4.000 2.500 6.500 2.500 0.000 0.000 8 34 1 2 0 1 0
338383 338383 1 1 8.000 3028 -4.000 2.500 6.500 2.500 0.000 0.000 8 34 1 2 0 1 0
338392 338392 1 1 1.000 3028 -4.000 1.500 6.500 1.500 0.000 0.000 8 34 1 2 0 1 0
340103 340103 1 0 0.000 4013 10.000 -2.500 0.000 0.000 0.000 0.000 0 25 0 0 0 8 0
340502 340502 5 0 0.000 4073 52.500 -13.500 0.000 0.000 0.000 0.000 0 24 0 0 0 10 0
340503 340503 6 0 0.000 4074 63.000 -13.500 0.000 0.000 0.000 0.000 0 24 0 0 0 10 0
340608 340608 5 0 0.000 4075 63.000 -13.500 0.000 0.000 0.000 0.000 0 24 0 0 0 10 0
340640 340640 6 0 0.000 4071 63.000 -13.500 0.000 0.000 0.000 0.000 0 24 0 0 0 11 0
340701 340701 5 0 0.000 4066 0.000 0.000 0.000 0.000 0.000 0.000 0 35 0 0 0 8 0
340901 340901 4 0 0.000 4072 30.950 -13.500 0.000 0.000 0.000 0.000 0 57 0 0 0 119 0
350801 350801 1 1 2.000 3030 -4.000 2.500 6.500 2.500 0.000 0.000 8 38 0 1 0 1 0
350802 350802 1 1 4.000 3030 -4.000 2.500 6.500 2.500 0.000 0.000 8 38 0 1 0 1 0
350803 350803 1 1 8.000 3030 -4.000 2.500 6.500 2.500 0.000 0.000 8 38 0 1 0 1 0
350812 350812 1 1 1.000 3030 -4.000 1.500 6.500 1.500 0.000 0.000 8 38 0 1 0 1 0
350961 350961 1 1 2.000 3030 -4.000 2.500 6.500 2.500 0.000 0.000 8 38 0 2 0 1 0
350962 350962 1 1 4.000 3030 -4.000 2.500 6.500 2.500 0.000 0.000 8 38 0 2 0 1 0
350963 350963 1 1 8.000 3030 -4.000 2.500 6.500 2.500 0.000 0.000 8 38 0 2 0 1 0
350972 350972 1 1 1.000 3030 -4.000 1.500 6.500 1.500 0.000 0.000 8 38 0 2 0 1 0

[TrayData]
IDNUM NAME L W T OXA OYA OXB OYB PZ MX MY MZ MSA MSB MSC MSD RSP HSP DX DY P PR RECOG PCXA PCYA PCXB PCYB ROT ROTPTN OXA2 OYA2 OXB2 OYB2 START DIR

[PaletteData]
IDNUM N TRAY X Y ROT START DIR

[FixedFeeder]
IDNUM Group PU FeederA FeederB FeederC FeederD FeederE FeederF FeederG FeederH FeederI FeederJ PartsA PartsB PartsC PartsD PartsE PartsF PartsG PartsH PartsI PartsJ
1 0 10001 303624 0 0 0 0 0 0 0 0 0 3239 0 0 0 0 0 0 0 0 0
2 0 10002 302823 0 0 0 0 0 0 0 0 0 2184 0 0 0 0 0 0 0 0 0
3 0 10003 303624 0 0 0 0 0 0 0 0 0 3117 0 0 0 0 0 0 0 0 0
4 0 10004 302823 0 0 0 0 0 0 0 0 0 2254 0 0 0 0 0 0 0 0 0
5 0 10006 302823 0 0 0 0 0 0 0 0 0 2419 0 0 0 0 0 0 0 0 0
6 0 10007 302982 0 0 0 0 0 0 0 0 0 3245 0 0 0 0 0 0 0 0 0
7 0 10008 302983 0 0 0 0 0 0 0 0 0 3687 0 0 0 0 0 0 0 0 0
8 0 10009 303624 0 0 0 0 0 0 0 0 0 2535 0 0 0 0 0 0 0 0 0
9 0 10010 302823 0 0 0 0 0 0 0 0 0 3298 0 0 0 0 0 0 0 0 0
10 0 10011 303624 0 0 0 0 0 0 0 0 0 2485 0 0 0 0 0 0 0 0 0
11 0 10012 302823 0 0 0 0 0 0 0 0 0 3133 0 0 0 0 0 0 0 0 0
12 0 10013 303624 0 0 0 0 0 0 0 0 0 2537 0 0 0 0 0 0 0 0 0
13 0 10014 302983 0 0 0 0 0 0 0 0 0 3696 0 0 0 0 0 0 0 0 0
14 0 10015 303624 0 0 0 0 0 0 0 0 0 3682 0 0 0 0 0 0 0 0 0
15 0 10016 303623 0 0 0 0 0 0 0 0 0 3131 0 0 0 0 0 0 0 0 0
16 0 10017 302823 0 0 0 0 0 0 0 0 0 3246 0 0 0 0 0 0 0 0 0
17 0 10018 302822 0 0 0 0 0 0 0 0 0 2185 0 0 0 0 0 0 0 0 0
18 0 10019 304424 0 0 0 0 0 0 0 0 0 3088 0 0 0 0 0 0 0 0 0
19 0 10020 -1 -1 0 0 0 0 0 0 0 0 0 0 0 0 0 0 0 0 0 0
20 0 10021 302823 0 0 0 0 0 0 0 0 0 2488 0 0 0 0 0 0 0 0 0
21 0 10022 302823 0 0 0 0 0 0 0 0 0 3243 0 0 0 0 0 0 0 0 0
22 0 10023 303784 0 0 0 0 0 0 0 0 0 3688 0 0 0 0 0 0 0 0 0
23 0 10024 303623 0 0 0 0 0 0 0 0 0 3684 0 0 0 0 0 0 0 0 0
24 0 10025 302823 0 0 0 0 0 0 0 0 0 3695 0 0 0 0 0 0 0 0 0
25 0 10026 302823 0 0 0 0 0 0 0 0 0 3236 0 0 0 0 0 0 0 0 0
26 0 10027 302823 0 0 0 0 0 0 0 0 0 2598 0 0 0 0 0 0 0 0 0
27 0 10028 302823 0 0 0 0 0 0 0 0 0 2191 0 0 0 0 0 0 0 0 0
28 0 10029 303623 0 0 0 0 0 0 0 0 0 2874 0 0 0 0 0 0 0 0 0
29 0 10030 303623 0 0 0 0 0 0 0 0 0 3290 0 0 0 0 0 0 0 0 0
30 0 20001 302481 302482 0 0 0 0 0 0 0 0 70 3267 0 0 0 0 0 0 0 0
31 0 20002 302502 302502 0 0 0 0 0 0 0 0 3683 3116 0 0 0 0 0 0 0 0
32 0 20003 302342 302502 0 0 0 0 0 0 0 0 2471 1803 0 0 0 0 0 0 0 0
33 0 20004 302342 302502 0 0 0 0 0 0 0 0 3225 3278 0 0 0 0 0 0 0 0
34 0 20005 302481 302502 0 0 0 0 0 0 0 0 3289 2620 0 0 0 0 0 0 0 0
35 0 20006 302502 302502 0 0 0 0 0 0 0 0 2413 2948 0 0 0 0 0 0 0 0
36 0 20007 302502 302502 0 0 0 0 0 0 0 0 3232 20 0 0 0 0 0 0 0 0
37 0 20008 302502 302481 0 0 0 0 0 0 0 0 3241 2202 0 0 0 0 0 0 0 0
38 0 20009 302482 302502 0 0 0 0 0 0 0 0 718 3256 0 0 0 0 0 0 0 0
39 0 20010 302502 302502 0 0 0 0 0 0 0 0 1 3288 0 0 0 0 0 0 0 0
40 0 20011 302502 302502 0 0 0 0 0 0 0 0 3128 3137 0 0 0 0 0 0 0 0
41 0 20012 302502 302481 0 0 0 0 0 0 0 0 20 3291 0 0 0 0 0 0 0 0
42 0 20013 302481 302502 0 0 0 0 0 0 0 0 648 2206 0 0 0 0 0 0 0 0
43 0 20014 302482 302502 0 0 0 0 0 0 0 0 3292 3224 0 0 0 0 0 0 0 0
44 0 20015 302502 302502 0 0 0 0 0 0 0 0 3123 3021 0 0 0 0 0 0 0 0
45 0 20016 302482 302502 0 0 0 0 0 0 0 0 3297 2481 0 0 0 0 0 0 0 0
46 0 20017 302502 302482 0 0 0 0 0 0 0 0 3301 3233 0 0 0 0 0 0 0 0
47 0 20018 302482 302482 0 0 0 0 0 0 0 0 680 890 0 0 0 0 0 0 0 0
48 0 20019 302502 302482 0 0 0 0 0 0 0 0 3111 14 0 0 0 0 0 0 0 0
49 0 20020 302502 302502 0 0 0 0 0 0 0 0 3108 3692 0 0 0 0 0 0 0 0
50 0 20021 302481 302481 0 0 0 0 0 0 0 0 3275 306 0 0 0 0 0 0 0 0
51 0 20022 302342 302502 0 0 0 0 0 0 0 0 2283 295 0 0 0 0 0 0 0 0
52 0 20023 302481 302482 0 0 0 0 0 0 0 0 2915 2609 0 0 0 0 0 0 0 0
53 0 20024 302502 302502 0 0 0 0 0 0 0 0 1568 3263 0 0 0 0 0 0 0 0
54 0 20025 302481 302481 0 0 0 0 0 0 0 0 3083 1148 0 0 0 0 0 0 0 0
55 0 20026 302502 302502 0 0 0 0 0 0 0 0 3110 15 0 0 0 0 0 0 0 0
56 0 20027 302502 302481 0 0 0 0 0 0 0 0 3681 852 0 0 0 0 0 0 0 0
57 0 20028 302502 302481 0 0 0 0 0 0 0 0 3686 821 0 0 0 0 0 0 0 0
58 0 20029 302481 302502 0 0 0 0 0 0 0 0 716 2286 0 0 0 0 0 0 0 0
59 0 20030 302502 302502 0 0 0 0 0 0 0 0 3295 2 0 0 0 0 0 0 0 0
[StockData]
IDNUM N PA PB PC PD PE PF PG PH PI PJ TA TB TC TD TE TF TG TH TI TJ Force LdFrmW WaferRot
1 10001 3239 0 0 0 0 0 0 0 0 0 303624 0 0 0 0 0 0 0 0 0 0 0.000 0
2 10002 2184 0 0 0 0 0 0 0 0 0 302823 0 0 0 0 0 0 0 0 0 0 0.000 0
3 10003 3117 0 0 0 0 0 0 0 0 0 303624 0 0 0 0 0 0 0 0 0 0 0.000 0
4 10004 2254 0 0 0 0 0 0 0 0 0 302823 0 0 0 0 0 0 0 0 0 0 0.000 0
5 10006 2419 0 0 0 0 0 0 0 0 0 302823 0 0 0 0 0 0 0 0 0 0 0.000 0
6 10007 3245 0 0 0 0 0 0 0 0 0 302982 0 0 0 0 0 0 0 0 0 0 0.000 0
7 10008 3687 0 0 0 0 0 0 0 0 0 302983 0 0 0 0 0 0 0 0 0 0 0.000 0
8 10009 2535 0 0 0 0 0 0 0 0 0 303624 0 0 0 0 0 0 0 0 0 0 0.000 0
9 10010 3298 0 0 0 0 0 0 0 0 0 302823 0 0 0 0 0 0 0 0 0 0 0.000 0
10 10011 2485 0 0 0 0 0 0 0 0 0 303624 0 0 0 0 0 0 0 0 0 0 0.000 0
11 10012 3133 0 0 0 0 0 0 0 0 0 302823 0 0 0 0 0 0 0 0 0 0 0.000 0
12 10013 2537 0 0 0 0 0 0 0 0 0 303624 0 0 0 0 0 0 0 0 0 0 0.000 0
13 10014 3696 0 0 0 0 0 0 0 0 0 302983 0 0 0 0 0 0 0 0 0 0 0.000 0
14 10015 3682 0 0 0 0 0 0 0 0 0 303624 0 0 0 0 0 0 0 0 0 0 0.000 0
15 10016 3131 0 0 0 0 0 0 0 0 0 303623 0 0 0 0 0 0 0 0 0 0 0.000 0
16 10017 3246 0 0 0 0 0 0 0 0 0 302823 0 0 0 0 0 0 0 0 0 0 0.000 0
17 10018 2185 0 0 0 0 0 0 0 0 0 302822 0 0 0 0 0 0 0 0 0 0 0.000 0
18 10019 3088 0 0 0 0 0 0 0 0 0 304424 0 0 0 0 0 0 0 0 0 0 0.000 0
19 10021 2488 0 0 0 0 0 0 0 0 0 302823 0 0 0 0 0 0 0 0 0 0 0.000 0
20 10022 3243 0 0 0 0 0 0 0 0 0 302823 0 0 0 0 0 0 0 0 0 0 0.000 0
21 10023 3688 0 0 0 0 0 0 0 0 0 303784 0 0 0 0 0 0 0 0 0 0 0.000 0
22 10024 3684 0 0 0 0 0 0 0 0 0 303623 0 0 0 0 0 0 0 0 0 0 0.000 0
23 10025 3695 0 0 0 0 0 0 0 0 0 302823 0 0 0 0 0 0 0 0 0 0 0.000 0
24 10026 3236 0 0 0 0 0 0 0 0 0 302823 0 0 0 0 0 0 0 0 0 0 0.000 0
25 10027 2598 0 0 0 0 0 0 0 0 0 302823 0 0 0 0 0 0 0 0 0 0 0.000 0
26 10028 2191 0 0 0 0 0 0 0 0 0 302823 0 0 0 0 0 0 0 0 0 0 0.000 0
27 10029 2874 0 0 0 0 0 0 0 0 0 303623 0 0 0 0 0 0 0 0 0 0 0.000 0
28 10030 3290 0 0 0 0 0 0 0 0 0 303623 0 0 0 0 0 0 0 0 0 0 0.000 0
29 20001 70 3267 0 0 0 0 0 0 0 0 302481 302482 0 0 0 0 0 0 0 0 0 0.000 0
30 20002 3683 3116 0 0 0 0 0 0 0 0 302502 302502 0 0 0 0 0 0 0 0 0 0.000 0
31 20003 2471 1803 0 0 0 0 0 0 0 0 302342 302502 0 0 0 0 0 0 0 0 0 0.000 0
32 20004 3225 3278 0 0 0 0 0 0 0 0 302342 302502 0 0 0 0 0 0 0 0 0 0.000 0
33 20005 3289 2620 0 0 0 0 0 0 0 0 302481 302502 0 0 0 0 0 0 0 0 0 0.000 0
34 20006 2413 2948 0 0 0 0 0 0 0 0 302502 302502 0 0 0 0 0 0 0 0 0 0.000 0
35 20007 3232 20 0 0 0 0 0 0 0 0 302502 302502 0 0 0 0 0 0 0 0 0 0.000 0
36 20008 3241 2202 0 0 0 0 0 0 0 0 302502 302481 0 0 0 0 0 0 0 0 0 0.000 0
37 20009 718 3256 0 0 0 0 0 0 0 0 302482 302502 0 0 0 0 0 0 0 0 0 0.000 0
38 20010 1 3288 0 0 0 0 0 0 0 0 302502 302502 0 0 0 0 0 0 0 0 0 0.000 0
39 20011 3128 3137 0 0 0 0 0 0 0 0 302502 302502 0 0 0 0 0 0 0 0 0 0.000 0
40 20012 20 3291 0 0 0 0 0 0 0 0 302502 302481 0 0 0 0 0 0 0 0 0 0.000 0
41 20013 648 2206 0 0 0 0 0 0 0 0 302481 302502 0 0 0 0 0 0 0 0 0 0.000 0
42 20014 3292 3224 0 0 0 0 0 0 0 0 302482 302502 0 0 0 0 0 0 0 0 0 0.000 0
43 20015 3123 3021 0 0 0 0 0 0 0 0 302502 302502 0 0 0 0 0 0 0 0 0 0.000 0
44 20016 3297 2481 0 0 0 0 0 0 0 0 302482 302502 0 0 0 0 0 0 0 0 0 0.000 0
45 20017 3301 3233 0 0 0 0 0 0 0 0 302502 302482 0 0 0 0 0 0 0 0 0 0.000 0
46 20018 680 890 0 0 0 0 0 0 0 0 302482 302482 0 0 0 0 0 0 0 0 0 0.000 0
47 20019 3111 14 0 0 0 0 0 0 0 0 302502 302482 0 0 0 0 0 0 0 0 0 0.000 0
48 20020 3108 3692 0 0 0 0 0 0 0 0 302502 302502 0 0 0 0 0 0 0 0 0 0.000 0
49 20021 3275 306 0 0 0 0 0 0 0 0 302481 302481 0 0 0 0 0 0 0 0 0 0.000 0
50 20022 2283 295 0 0 0 0 0 0 0 0 302342 302502 0 0 0 0 0 0 0 0 0 0.000 0
51 20023 2915 2609 0 0 0 0 0 0 0 0 302481 302482 0 0 0 0 0 0 0 0 0 0.000 0
52 20024 1568 3263 0 0 0 0 0 0 0 0 302502 302502 0 0 0 0 0 0 0 0 0 0.000 0
53 20025 3083 1148 0 0 0 0 0 0 0 0 302481 302481 0 0 0 0 0 0 0 0 0 0.000 0
54 20026 3110 15 0 0 0 0 0 0 0 0 302502 302502 0 0 0 0 0 0 0 0 0 0.000 0
55 20027 3681 852 0 0 0 0 0 0 0 0 302502 302481 0 0 0 0 0 0 0 0 0 0.000 0
56 20028 3686 821 0 0 0 0 0 0 0 0 302502 302481 0 0 0 0 0 0 0 0 0 0.000 0
57 20029 716 2286 0 0 0 0 0 0 0 0 302481 302502 0 0 0 0 0 0 0 0 0 0.000 0
58 20030 3295 2 0 0 0 0 0 0 0 0 302502 302502 0 0 0 0 0 0 0 0 0 0.000 0
[VstockData<1>]
IDNUM N PA PB PC PD PE PF PG PH PI PJ TA TB TC TD TE TF TG TH TI TJ Force LdFrmW WaferRot

[USER_ExportOptions]
Lot="INI7_repair_EBT67952406_EAX70043606"

[PartsInspectSkipKind]
IDNUM PARTS KIND
1 1 0
2 2 0
14 14 0
15 15 0
20 20 0
70 70 0
295 295 0
306 306 0
648 648 0
680 680 0
716 716 0
718 718 0
821 821 0
852 852 0
890 890 0
1148 1148 0
1568 1568 0
1803 1803 0
2184 2184 0
2185 2185 0
2191 2191 0
2202 2202 0
2206 2206 0
2254 2254 0
2283 2283 0
2286 2286 0
2413 2413 0
2419 2419 0
2471 2471 0
2481 2481 0
2482 2482 0
2485 2485 0
2488 2488 0
2535 2535 0
2537 2537 0
2598 2598 0
2609 2609 0
2620 2620 0
2874 2874 0
2915 2915 0
2948 2948 0
3021 3021 0
3083 3083 0
3088 3088 0
3108 3108 0
3110 3110 0
3111 3111 0
3116 3116 0
3117 3117 0
3123 3123 0
3128 3128 0
3131 3131 0
3133 3133 0
3137 3137 0
3224 3224 0
3225 3225 0
3232 3232 0
3233 3233 0
3236 3236 0
3239 3239 0
3241 3241 0
3243 3243 0
3245 3245 0
3246 3246 0
3256 3256 0
3263 3263 0
3267 3267 0
3275 3275 0
3278 3278 0
3288 3288 0
3289 3289 0
3290 3290 0
3291 3291 0
3292 3292 0
3295 3295 0
3297 3297 0
3298 3298 0
3301 3301 0
3313 3313 0
3681 3681 0
3682 3682 0
3683 3683 0
3684 3684 0
3686 3686 0
3687 3687 0
3688 3688 0
3692 3692 0
3695 3695 0
3696 3696 0

