[LineInfoData]
IDNUM McNum McMdln McName StartBeam BeamNum Pass SecMntHld PrevMachine NextMachine
17 1 0x51400 "NPM-1" 1 2 0 0 0 3
18 2 0x51200 "NPM-2" 3 2 0 0 3 3
19 3 0x52200 "NPM-3" 5 2 0 0 3 3
20 4 0x52100 "NPM-4" 7 2 0 0 3 3
21 5 0x52200 "NPM-5" 9 2 0 0 3 0

[BeamData]
IDNUM Head NzlChg BulkFdr StickFdr CutUnit Ccamera Camera LeadChk Sensor3D BGACSP SPNzl LoadCntl TrayMagazine DblFdrUse HeadType NzlChgKind NzlSlots NzlBigSlots Flux ConvTime DHHighScan FdrTblType FdrSlots FrameType TraySlots TraySize EjCnv Stage ExConv ExBigNzl Lane SlowDown TM Hs8NzlChg PCBWarpMeasurement HighSpd HeightSensor AutoPinChg ConvLen CustomTray NPMExConvL NPMExConvR ThinTypeSingleFdr TallComp PIP COAXIAL LeadAdjust HeadCamera PcbHolder LCR BackLight PartsBCR CompactCart TrayStocker EnvAdjust GangTkup SlotNumbering FixLoad1N HPM1 HPM2
1 1 1 0 0 1 1 3 0 0 0 0 0 0 2 28 0 32 0 0 100 0 3 17 0 0 0 0 3 0 0 14 0 0 0 0 0 0 0 0 0 0 2 0 0 0 0 0 1 0 0 0 0 0 0 0 0 0 0 0 0
2 2 1 0 0 1 1 3 0 0 0 0 0 0 2 28 0 32 0 0 100 0 3 17 0 0 0 0 3 0 0 14 0 0 0 0 0 0 0 0 0 0 2 0 0 0 0 0 1 0 0 0 0 0 0 0 0 0 0 0 0
3 3 1 0 0 1 1 1 0 0 0 0 0 0 2 17 0 32 0 0 100 0 3 17 0 0 0 0 3 0 0 7 0 0 0 0 0 0 0 0 0 0 2 0 0 0 0 0 1 0 0 0 0 0 0 0 0 0 0 0 0
4 4 1 0 0 1 1 1 0 0 0 0 0 0 2 17 0 32 0 0 100 0 3 17 0 0 0 0 3 0 0 7 0 0 0 0 0 0 0 0 0 0 2 0 0 0 0 0 1 0 0 0 0 0 0 0 0 0 0 0 0
5 5 1 0 0 1 1 3 0 0 0 0 0 0 2 28 0 32 0 0 100 0 3 30 0 0 0 0 3 0 0 1 0 0 0 0 0 0 0 0 0 0 0 0 0 0 0 0 1 0 0 0 0 0 0 0 0 0 0 0 0
6 6 1 0 0 1 1 3 0 0 0 0 0 0 2 28 0 32 0 0 100 0 3 30 0 0 0 0 3 0 0 1 0 0 0 0 0 0 0 0 0 0 0 0 0 0 0 0 1 0 0 0 0 0 0 0 0 0 0 0 0
7 7 1 0 1 1 1 1 0 0 1 0 0 0 2 14 1 16 0 0 100 0 3 30 0 0 0 0 3 0 0 8 0 0 0 0 0 0 0 0 0 0 1 0 0 0 0 0 1 0 0 0 0 0 0 0 0 0 0 0 0
8 8 1 0 0 1 1 1 0 0 0 0 0 0 2 17 0 32 0 0 100 0 3 30 0 0 0 0 3 0 0 8 0 0 0 0 0 0 0 0 0 0 1 0 0 0 0 0 1 0 0 0 0 0 0 0 0 0 0 0 0
9 9 1 0 1 1 1 3 0 1 1 0 1 0 2 34 6 15 0 0 100 0 3 30 0 0 0 0 3 0 0 1 0 4 1 0 0 0 0 0 0 1 1 0 0 0 0 0 1 0 0 0 0 0 0 0 0 0 0 0 0
10 10 1 0 0 0 1 3 0 1 1 0 1 1 2 34 6 15 0 0 100 0 6 0 0 40 0 0 3 0 0 1 0 4 1 0 0 0 0 0 0 1 1 0 0 0 0 0 1 0 0 0 0 0 0 0 0 0 0 0 0

[FdrTblMode]
IDNUM Head NowStation FdrTblMode Pass Type TapeCutLength
1 1 2 JOINT NO 0 0
2 2 2 JOINT NO 0 0
3 3 2 JOINT NO 0 0
4 4 2 JOINT NO 0 0
5 5 2 JOINT NO 0 0
6 6 2 JOINT NO 0 0
7 7 2 JOINT NO 0 0
8 8 2 JOINT NO 0 0
9 9 2 JOINT NO 0 0
10 10 2 JOINT NO 0 0

[LotNames]
IDNUM LotNum Lot MCFileName Filter AutoChg BaseChg Lane ProductionID SimProduct DGSPCBName DGSPCBRev DGSPCBSide DGSRefPin C DataGenMode MountHead VSTPath Order TargetTact C2
8 1 "fixfeeder-oled" "fixfeeder-oled" 0 0 0 1 "" 0 "new1line" "1.6" "T" "" "" 0 0 "" 0 0 ""

[ArrangementGroupProducts]
IDNUM Group Lot SameGroup
8 1 1 0

[ArrangementGroupCondValue<1>]
Value1=""
Value2=""
Value3=""
Value4=""
Value5=""
Value6=""
Value7=""
Value8=""
Value9=""
Value10=""

[PartsDataEx]
IDNUM NAME LNAME REELS SKIP NoAutoDivide Alt AltNum NoArrange
258 "EAN64895201" "ohm" 1 0 0 0 0 0
267 "EAN41348201" "ohm" 1 0 0 0 0 0
616 "MDS65793801" "ohm" 1 0 0 0 0 0
1185 "EAN65806202" "ohm" 1 0 0 0 0 0
1211 "EAN65585801" "ohm" 1 0 0 0 0 0
1265 "EAP65048202" "ohm" 1 0 0 0 0 0
1279 "EAP65069401" "ohm" 1 0 0 0 0 0
1284 "EAP65069501" "ohm" 1 0 0 0 0 0
1304 "EAP65069901" "ohm" 1 0 0 0 0 0
1309 "EAN64989601" "ohm" 1 0 0 0 0 0
1322 "EAN66321201" "ohm" 1 0 0 0 0 0
1329 "EAN66333801" "ohm" 1 0 0 0 0 0
1352 "EAN64429402" "ohm" 1 0 0 0 0 0
2965 "EAN66401801" "ohm" 1 0 0 0 0 0
3141 "EAH65079401" "ohm" 1 0 0 0 0 0
3160 "EAH65079101" "ohm" 1 0 0 0 0 0
3216 "EAE65502003" "ohm" 1 0 0 0 0 0
3247 "EAE60659102" "ohm" 1 0 0 0 0 0
3306 "EAP65284501" "ohm" 1 0 0 0 0 0
3314 "EAP65284701" "ohm" 1 0 0 0 0 0
3551 "EAN66317603" "ohm" 1 0 0 0 0 0
3557 "EAP65267102" "ohm" 1 0 0 0 0 0
3566 "EAN00957201" "ohm" 1 0 0 0 0 0

[FeederMaxData]
IDNUM Name Maxs
3001 "FA0010" 999
3002 "FA0020" 999
3003 "FA0030" 999
3004 "FA0040" 999
3005 "FA0050" 999
3006 "FC0030" 999
3011 "STK0XXTK8" 999
3012 "FA0360" 999
3013 "FA0370" 999
3018 "FA0005" 999
3022 "FA0480" 0
3026 "FA0204" 999
3027 "FA0002" 0
3028 "FA0001" 0
3030 "FA0501" 0
3034 "FE0020" 999
3041 "FE0060" 999
3042 "FE0070" 999
3043 "FE0072" 999
3045 "FE0100" 999
3061 "EF0010" 999
3062 "EF0020" 999
3063 "EF0030" 999
3064 "EF0040" 999
3065 "EF0014" 0
3066 "EF0024" 0
3067 "EF0034" 0
3068 "EF0044" 0
3071 "AF0010" 0
3072 "AF0020" 0
3073 "AF0030" 0
3074 "AF0040" 0
3081 "EF0016" 999
3082 "EF0026" 999
3083 "EF0036" 999
3084 "EF0046" 999
3091 "CE0020" 999
4013 "DF0020" 0
4023 "FA0007" 999
4066 "AT0010" 0
4071 "Tray Lifter Feeder" 0
4072 "Multi Column Tape Feeder" 0
4073 "Bowl Feeder 01" 0
4074 "Bowl Feeder 02" 0
4075 "SANKI-TAI Bowl 230L" 999
5001 "CF0010" 0
5002 "CF0020" 0
5003 "CF0030" 0
5004 "CF0040" 0
5005 "CF0050" 0
5006 "CF0060" 0
5007 "CF0070" 0
5008 "CF0080" 0
5009 "CF0090" 0
5010 "CF0100" 0
5011 "CF0110" 0
5012 "CF0120" 0
5021 "CF001A" 0
5022 "CF002A" 0
5023 "CF003A" 0
5024 "CF004A" 0
5025 "CF005A" 0
5026 "CF006A" 0
5027 "CF007A" 0
5028 "CF008A" 0
5029 "CF009A" 0
5030 "CF010A" 0
5031 "CF011A" 0
5032 "CF012A" 0

[FeederData]
IDNUM Ftype Pitch Feed FeedLen Quantity Xa Ya Xb Yb Xc Yc Width Kind REELTYPE ReelSize SHEIGHT ControlType Compact
302001 302001 1 1 2.000 3018 -4.000 2.500 0.000 0.000 0.000 0.000 8 1 0 1 0 1 0
302002 302002 1 1 4.000 3018 -4.000 2.500 0.000 0.000 0.000 0.000 8 1 0 1 0 1 0
302003 302003 1 1 8.000 3018 -4.000 2.500 0.000 0.000 0.000 0.000 8 1 0 1 0 1 0
302004 302004 1 1 12.000 3018 -4.000 2.500 0.000 0.000 0.000 0.000 8 1 0 1 0 1 0
302005 302005 1 1 16.000 3018 -4.000 2.500 0.000 0.000 0.000 0.000 8 1 0 1 0 1 0
302006 302006 1 1 20.000 3018 -4.000 2.500 0.000 0.000 0.000 0.000 8 1 0 1 0 1 0
302007 302007 1 1 24.000 3018 -4.000 2.500 0.000 0.000 0.000 0.000 8 1 0 1 0 1 0
302008 302008 1 1 28.000 3018 -4.000 2.500 0.000 0.000 0.000 0.000 8 1 0 1 0 1 0
302009 302009 1 1 32.000 3018 -4.000 2.500 0.000 0.000 0.000 0.000 8 1 0 1 0 1 0
302010 302010 1 1 36.000 3018 -4.000 2.500 0.000 0.000 0.000 0.000 8 1 0 1 0 1 0
302011 302011 1 1 40.000 3018 -4.000 2.500 0.000 0.000 0.000 0.000 8 1 0 1 0 1 0
302012 302012 1 1 1.000 3018 -4.000 1.500 0.000 0.000 0.000 0.000 8 1 0 1 0 1 0
302021 302021 1 1 2.000 3018 -4.000 2.500 0.000 0.000 0.000 0.000 8 1 1 1 0 1 0
302022 302022 1 1 4.000 3018 -4.000 2.500 0.000 0.000 0.000 0.000 8 1 1 1 0 1 0
302023 302023 1 2 8.000 3018 -4.000 2.500 0.000 0.000 0.000 0.000 8 1 1 1 0 1 0
302024 302024 1 1 12.000 3018 -4.000 2.500 0.000 0.000 0.000 0.000 8 1 1 1 0 1 0
302025 302025 1 1 16.000 3018 -4.000 2.500 0.000 0.000 0.000 0.000 8 1 1 1 0 1 0
302026 302026 1 1 20.000 3018 -4.000 2.500 0.000 0.000 0.000 0.000 8 1 1 1 0 1 0
302027 302027 1 1 24.000 3018 -4.000 2.500 0.000 0.000 0.000 0.000 8 1 1 1 0 1 0
302028 302028 1 1 28.000 3018 -4.000 2.500 0.000 0.000 0.000 0.000 8 1 1 1 0 1 0
302029 302029 1 1 32.000 3018 -4.000 2.500 0.000 0.000 0.000 0.000 8 1 1 1 0 1 0
302030 302030 1 1 36.000 3018 -4.000 2.500 0.000 0.000 0.000 0.000 8 1 1 1 0 1 0
302031 302031 1 1 40.000 3018 -4.000 2.500 0.000 0.000 0.000 0.000 8 1 1 1 0 1 0
302032 302032 1 1 1.000 3018 -4.000 1.500 0.000 0.000 0.000 0.000 8 1 1 1 0 1 0
302161 302161 1 1 2.000 3018 -4.000 2.500 0.000 0.000 0.000 0.000 8 1 0 2 0 1 0
302162 302162 1 1 4.000 3018 -4.000 2.500 0.000 0.000 0.000 0.000 8 1 0 2 0 1 0
302163 302163 1 2 8.000 3018 -4.000 2.500 0.000 0.000 0.000 0.000 8 1 0 2 0 1 0
302164 302164 1 1 12.000 3018 -4.000 2.500 0.000 0.000 0.000 0.000 8 1 0 2 0 1 0
302165 302165 1 1 16.000 3018 -4.000 2.500 0.000 0.000 0.000 0.000 8 1 0 2 0 1 0
302166 302166 1 1 20.000 3018 -4.000 2.500 0.000 0.000 0.000 0.000 8 1 0 2 0 1 0
302167 302167 1 1 24.000 3018 -4.000 2.500 0.000 0.000 0.000 0.000 8 1 0 2 0 1 0
302168 302168 1 1 28.000 3018 -4.000 2.500 0.000 0.000 0.000 0.000 8 1 0 2 0 1 0
302169 302169 1 1 32.000 3018 -4.000 2.500 0.000 0.000 0.000 0.000 8 1 0 2 0 1 0
302170 302170 1 1 36.000 3018 -4.000 2.500 0.000 0.000 0.000 0.000 8 1 0 2 0 1 0
302171 302171 1 1 40.000 3018 -4.000 2.500 0.000 0.000 0.000 0.000 8 1 0 2 0 1 0
302172 302172 1 1 1.000 3018 -4.000 1.500 0.000 0.000 0.000 0.000 8 1 0 2 0 1 0
302181 302181 1 1 2.000 3018 -4.000 2.500 0.000 0.000 0.000 0.000 8 1 1 2 0 1 0
302182 302182 1 1 4.000 3018 -4.000 2.500 0.000 0.000 0.000 0.000 8 1 1 2 0 1 0
302183 302183 1 2 8.000 3018 -4.000 2.500 0.000 0.000 0.000 0.000 8 1 1 2 0 1 0
302184 302184 1 1 12.000 3018 -4.000 2.500 0.000 0.000 0.000 0.000 8 1 1 2 0 1 0
302185 302185 1 1 16.000 3018 -4.000 2.500 0.000 0.000 0.000 0.000 8 1 1 2 0 1 0
302186 302186 1 1 20.000 3018 -4.000 2.500 0.000 0.000 0.000 0.000 8 1 1 2 0 1 0
302187 302187 1 1 24.000 3018 -4.000 2.500 0.000 0.000 0.000 0.000 8 1 1 2 0 1 0
302188 302188 1 1 28.000 3018 -4.000 2.500 0.000 0.000 0.000 0.000 8 1 1 2 0 1 0
302189 302189 1 1 32.000 3018 -4.000 2.500 0.000 0.000 0.000 0.000 8 1 1 2 0 1 0
302190 302190 1 1 36.000 3018 -4.000 2.500 0.000 0.000 0.000 0.000 8 1 1 2 0 1 0
302191 302191 1 1 40.000 3018 -4.000 2.500 0.000 0.000 0.000 0.000 8 1 1 2 0 1 0
302192 302192 1 1 1.000 3018 -4.000 1.500 0.000 0.000 0.000 0.000 8 1 1 2 0 1 0
302321 302321 1 1 2.000 3001 -4.000 2.500 6.500 2.500 0.000 0.000 8 2 0 1 0 1 0
302322 302322 1 1 4.000 3001 -4.000 2.500 6.500 2.500 0.000 0.000 8 2 0 1 0 1 0
302323 302323 1 1 8.000 3001 -4.000 2.500 6.500 2.500 0.000 0.000 8 2 0 1 0 1 0
302324 302324 1 1 12.000 3001 -4.000 2.500 6.500 2.500 0.000 0.000 8 2 0 1 0 1 0
302325 302325 1 1 16.000 3001 -4.000 2.500 6.500 2.500 0.000 0.000 8 2 0 1 0 1 0
302326 302326 1 1 20.000 3001 -4.000 2.500 6.500 2.500 0.000 0.000 8 2 0 1 0 1 0
302327 302327 1 1 24.000 3001 -4.000 2.500 6.500 2.500 0.000 0.000 8 2 0 1 0 1 0
302328 302328 1 1 28.000 3001 -4.000 2.500 6.500 2.500 0.000 0.000 8 2 0 1 0 1 0
302329 302329 1 1 32.000 3001 -4.000 2.500 6.500 2.500 0.000 0.000 8 2 0 1 0 1 0
302330 302330 1 1 36.000 3001 -4.000 2.500 6.500 2.500 0.000 0.000 8 2 0 1 0 1 0
302331 302331 1 1 40.000 3001 -4.000 2.500 6.500 2.500 0.000 0.000 8 2 0 1 0 1 0
302335 302335 1 1 1.000 3001 -4.000 1.500 6.500 1.500 0.000 0.000 8 2 0 1 0 1 0
302341 302341 1 1 2.000 3001 -4.000 2.500 6.500 2.500 0.000 0.000 8 2 1 1 0 1 0
302342 302342 1 1 4.000 3001 -4.000 2.500 6.500 2.500 0.000 0.000 8 2 1 1 0 1 0
302343 302343 1 1 8.000 3001 -4.000 2.500 6.500 2.500 0.000 0.000 8 2 1 1 0 1 0
302344 302344 1 1 12.000 3001 -4.000 2.500 6.500 2.500 0.000 0.000 8 2 1 1 0 1 0
302345 302345 1 1 16.000 3001 -4.000 2.500 6.500 2.500 0.000 0.000 8 2 1 1 0 1 0
302346 302346 1 1 20.000 3001 -4.000 2.500 6.500 2.500 0.000 0.000 8 2 1 1 0 1 0
302347 302347 1 1 24.000 3001 -4.000 2.500 6.500 2.500 0.000 0.000 8 2 1 1 0 1 0
302348 302348 1 1 28.000 3001 -4.000 2.500 6.500 2.500 0.000 0.000 8 2 1 1 0 1 0
302349 302349 1 1 32.000 3001 -4.000 2.500 6.500 2.500 0.000 0.000 8 2 1 1 0 1 0
302350 302350 1 1 36.000 3001 -4.000 2.500 6.500 2.500 0.000 0.000 8 2 1 1 0 1 0
302351 302351 1 1 40.000 3001 -4.000 2.500 6.500 2.500 0.000 0.000 8 2 1 1 0 1 0
302355 302355 1 1 1.000 3001 -4.000 1.500 6.500 1.500 0.000 0.000 8 2 1 1 0 1 0
302481 302481 1 1 2.000 3001 -4.000 2.500 6.500 2.500 0.000 0.000 8 2 0 2 0 1 0
302482 302482 1 1 4.000 3001 -4.000 2.500 6.500 2.500 0.000 0.000 8 2 0 2 0 1 0
302483 302483 1 1 8.000 3001 -4.000 2.500 6.500 2.500 0.000 0.000 8 2 0 2 0 1 0
302484 302484 1 1 12.000 3001 -4.000 2.500 6.500 2.500 0.000 0.000 8 2 0 2 0 1 0
302485 302485 1 1 16.000 3001 -4.000 2.500 6.500 2.500 0.000 0.000 8 2 0 2 0 1 0
302486 302486 1 1 20.000 3001 -4.000 2.500 6.500 2.500 0.000 0.000 8 2 0 2 0 1 0
302487 302487 1 1 24.000 3001 -4.000 2.500 6.500 2.500 0.000 0.000 8 2 0 2 0 1 0
302488 302488 1 1 28.000 3001 -4.000 2.500 6.500 2.500 0.000 0.000 8 2 0 2 0 1 0
302489 302489 1 1 32.000 3001 -4.000 2.500 6.500 2.500 0.000 0.000 8 2 0 2 0 1 0
302490 302490 1 1 36.000 3001 -4.000 2.500 6.500 2.500 0.000 0.000 8 2 0 2 0 1 0
302491 302491 1 1 40.000 3001 -4.000 2.500 6.500 2.500 0.000 0.000 8 2 0 2 0 1 0
302495 302495 1 1 1.000 3001 -4.000 1.500 6.500 1.500 0.000 0.000 8 2 0 2 0 1 0
302501 302501 1 1 2.000 3001 -4.000 2.500 6.500 2.500 0.000 0.000 8 2 1 2 0 1 0
302502 302502 1 1 4.000 3001 -4.000 2.500 6.500 2.500 0.000 0.000 8 2 1 2 0 1 0
302503 302503 1 1 8.000 3001 -4.000 2.500 6.500 2.500 0.000 0.000 8 2 1 2 0 1 0
302504 302504 1 1 12.000 3001 -4.000 2.500 6.500 2.500 0.000 0.000 8 2 1 2 0 1 0
302505 302505 1 1 16.000 3001 -4.000 2.500 6.500 2.500 0.000 0.000 8 2 1 2 0 1 0
302506 302506 1 1 20.000 3001 -4.000 2.500 6.500 2.500 0.000 0.000 8 2 1 2 0 1 0
302507 302507 1 1 24.000 3001 -4.000 2.500 6.500 2.500 0.000 0.000 8 2 1 2 0 1 0
302508 302508 1 1 28.000 3001 -4.000 2.500 6.500 2.500 0.000 0.000 8 2 1 2 0 1 0
302509 302509 1 1 32.000 3001 -4.000 2.500 6.500 2.500 0.000 0.000 8 2 1 2 0 1 0
302510 302510 1 1 36.000 3001 -4.000 2.500 6.500 2.500 0.000 0.000 8 2 1 2 0 1 0
302511 302511 1 1 40.000 3001 -4.000 2.500 6.500 2.500 0.000 0.000 8 2 1 2 0 1 0
302515 302515 1 1 1.000 3001 -4.000 1.500 6.500 1.500 0.000 0.000 8 2 1 2 0 1 0
302821 302821 1 1 2.000 3002 -0.750 -13.500 0.000 0.000 0.000 0.000 12 3 1 1 0 1 0
302822 302822 1 1 4.000 3002 -0.750 -13.500 0.000 0.000 0.000 0.000 12 3 1 1 0 1 0
302823 302823 1 1 8.000 3002 -0.750 -13.500 0.000 0.000 0.000 0.000 12 3 1 1 0 1 0
302824 302824 1 1 12.000 3002 -0.750 -13.500 0.000 0.000 0.000 0.000 12 3 1 1 0 1 0
302825 302825 1 2 16.000 3002 -0.750 -13.500 0.000 0.000 0.000 0.000 12 3 1 1 0 1 0
302826 302826 1 1 20.000 3002 -0.750 -13.500 0.000 0.000 0.000 0.000 12 3 1 1 0 1 0
302827 302827 1 1 24.000 3002 -0.750 -13.500 0.000 0.000 0.000 0.000 12 3 1 1 0 1 0
302828 302828 1 1 28.000 3002 -0.750 -13.500 0.000 0.000 0.000 0.000 12 3 1 1 0 1 0
302829 302829 1 1 32.000 3002 -0.750 -13.500 0.000 0.000 0.000 0.000 12 3 1 1 0 1 0
302830 302830 1 1 36.000 3002 -0.750 -13.500 0.000 0.000 0.000 0.000 12 3 1 1 0 1 0
302831 302831 1 1 40.000 3002 -0.750 -13.500 0.000 0.000 0.000 0.000 12 3 1 1 0 1 0
302845 302845 1 2 16.000 3002 -0.750 -13.500 0.000 0.000 0.000 0.000 12 3 3 1 0 1 0
302961 302961 1 1 2.000 3002 -0.750 -13.500 0.000 0.000 0.000 0.000 12 3 0 2 0 1 0
302962 302962 1 1 4.000 3002 -0.750 -13.500 0.000 0.000 0.000 0.000 12 3 0 2 0 1 0
302963 302963 1 1 8.000 3002 -0.750 -13.500 0.000 0.000 0.000 0.000 12 3 0 2 0 1 0
302964 302964 1 1 12.000 3002 -0.750 -13.500 0.000 0.000 0.000 0.000 12 3 0 2 0 1 0
302965 302965 1 1 16.000 3002 -0.750 -13.500 0.000 0.000 0.000 0.000 12 3 0 2 0 1 0
302966 302966 1 1 20.000 3002 -0.750 -13.500 0.000 0.000 0.000 0.000 12 3 0 2 0 1 0
302967 302967 1 1 24.000 3002 -0.750 -13.500 0.000 0.000 0.000 0.000 12 3 0 2 0 1 0
302968 302968 1 1 28.000 3002 -0.750 -13.500 0.000 0.000 0.000 0.000 12 3 0 2 0 1 0
302969 302969 1 1 32.000 3002 -0.750 -13.500 0.000 0.000 0.000 0.000 12 3 0 2 0 1 0
302970 302970 1 1 36.000 3002 -0.750 -13.500 0.000 0.000 0.000 0.000 12 3 0 2 0 1 0
302971 302971 1 1 40.000 3002 -0.750 -13.500 0.000 0.000 0.000 0.000 12 3 0 2 0 1 0
302981 302981 1 1 2.000 3002 -0.750 -13.500 0.000 0.000 0.000 0.000 12 3 1 2 0 1 0
302982 302982 1 1 4.000 3002 -0.750 -13.500 0.000 0.000 0.000 0.000 12 3 1 2 0 1 0
302983 302983 1 1 8.000 3002 -0.750 -13.500 0.000 0.000 0.000 0.000 12 3 1 2 0 1 0
302984 302984 1 1 12.000 3002 -0.750 -13.500 0.000 0.000 0.000 0.000 12 3 1 2 0 1 0
302985 302985 1 2 16.000 3002 -0.750 -13.500 0.000 0.000 0.000 0.000 12 3 1 2 0 1 0
302986 302986 1 1 20.000 3002 -0.750 -13.500 0.000 0.000 0.000 0.000 12 3 1 2 0 1 0
302987 302987 1 1 24.000 3002 -0.750 -13.500 0.000 0.000 0.000 0.000 12 3 1 2 0 1 0
302988 302988 1 1 28.000 3002 -0.750 -13.500 0.000 0.000 0.000 0.000 12 3 1 2 0 1 0
302989 302989 1 1 32.000 3002 -0.750 -13.500 0.000 0.000 0.000 0.000 12 3 1 2 0 1 0
302990 302990 1 1 36.000 3002 -0.750 -13.500 0.000 0.000 0.000 0.000 12 3 1 2 0 1 0
302991 302991 1 1 40.000 3002 -0.750 -13.500 0.000 0.000 0.000 0.000 12 3 1 2 0 1 0
303005 303005 1 2 16.000 3002 -0.750 -13.500 0.000 0.000 0.000 0.000 12 3 3 2 0 1 0
303621 303621 1 1 2.000 3002 1.250 -13.500 0.000 0.000 0.000 0.000 16 3 1 1 0 1 0
303622 303622 1 1 4.000 3002 1.250 -13.500 0.000 0.000 0.000 0.000 16 3 1 1 0 1 0
303623 303623 1 1 8.000 3002 1.250 -13.500 0.000 0.000 0.000 0.000 16 3 1 1 0 1 0
303624 303624 1 1 12.000 3002 1.250 -13.500 0.000 0.000 0.000 0.000 16 3 1 1 0 1 0
303625 303625 1 2 16.000 3002 1.250 -13.500 0.000 0.000 0.000 0.000 16 3 1 1 0 1 0
303626 303626 1 1 20.000 3002 1.250 -13.500 0.000 0.000 0.000 0.000 16 3 1 1 0 1 0
303627 303627 1 1 24.000 3002 1.250 -13.500 0.000 0.000 0.000 0.000 16 3 1 1 0 1 0
303628 303628 1 1 28.000 3002 1.250 -13.500 0.000 0.000 0.000 0.000 16 3 1 1 0 1 0
303629 303629 1 1 32.000 3002 1.250 -13.500 0.000 0.000 0.000 0.000 16 3 1 1 0 1 0
303630 303630 1 1 36.000 3002 1.250 -13.500 0.000 0.000 0.000 0.000 16 3 1 1 0 1 0
303631 303631 1 1 40.000 3002 1.250 -13.500 0.000 0.000 0.000 0.000 16 3 1 1 0 1 0
303641 303641 1 1 2.000 3002 1.250 -13.500 0.000 0.000 0.000 0.000 16 3 3 1 0 1 0
303642 303642 1 1 4.000 3002 1.250 -13.500 0.000 0.000 0.000 0.000 16 3 3 1 0 1 0
303643 303643 1 1 8.000 3002 1.250 -13.500 0.000 0.000 0.000 0.000 16 3 3 1 0 1 0
303644 303644 1 1 12.000 3002 1.250 -13.500 0.000 0.000 0.000 0.000 16 3 3 1 0 1 0
303645 303645 1 2 16.000 3002 1.250 -13.500 0.000 0.000 0.000 0.000 16 3 3 1 0 1 0
303646 303646 1 1 20.000 3002 1.250 -13.500 0.000 0.000 0.000 0.000 16 3 3 1 0 1 0
303647 303647 1 1 24.000 3002 1.250 -13.500 0.000 0.000 0.000 0.000 16 3 3 1 0 1 0
303648 303648 1 1 28.000 3002 1.250 -13.500 0.000 0.000 0.000 0.000 16 3 3 1 0 1 0
303649 303649 1 1 32.000 3002 1.250 -13.500 0.000 0.000 0.000 0.000 16 3 3 1 0 1 0
303650 303650 1 1 36.000 3002 1.250 -13.500 0.000 0.000 0.000 0.000 16 3 3 1 0 1 0
303651 303651 1 1 40.000 3002 1.250 -13.500 0.000 0.000 0.000 0.000 16 3 3 1 0 1 0
303781 303781 1 1 2.000 3002 1.250 -13.500 0.000 0.000 0.000 0.000 16 3 1 2 0 1 0
303782 303782 1 1 4.000 3002 1.250 -13.500 0.000 0.000 0.000 0.000 16 3 1 2 0 1 0
303783 303783 1 1 8.000 3002 1.250 -13.500 0.000 0.000 0.000 0.000 16 3 1 2 0 1 0
303784 303784 1 1 12.000 3002 1.250 -13.500 0.000 0.000 0.000 0.000 16 3 1 2 0 1 0
303785 303785 1 2 16.000 3002 1.250 -13.500 0.000 0.000 0.000 0.000 16 3 1 2 0 1 0
303786 303786 1 1 20.000 3002 1.250 -13.500 0.000 0.000 0.000 0.000 16 3 1 2 0 1 0
303787 303787 1 1 24.000 3002 1.250 -13.500 0.000 0.000 0.000 0.000 16 3 1 2 0 1 0
303788 303788 1 1 28.000 3002 1.250 -13.500 0.000 0.000 0.000 0.000 16 3 1 2 0 1 0
303789 303789 1 1 32.000 3002 1.250 -13.500 0.000 0.000 0.000 0.000 16 3 1 2 0 1 0
303790 303790 1 1 36.000 3002 1.250 -13.500 0.000 0.000 0.000 0.000 16 3 1 2 0 1 0
303791 303791 1 1 40.000 3002 1.250 -13.500 0.000 0.000 0.000 0.000 16 3 1 2 0 1 0
303801 303801 1 1 2.000 3002 1.250 -13.500 0.000 0.000 0.000 0.000 16 3 3 2 0 1 0
303802 303802 1 1 4.000 3002 1.250 -13.500 0.000 0.000 0.000 0.000 16 3 3 2 0 1 0
303803 303803 1 1 8.000 3002 1.250 -13.500 0.000 0.000 0.000 0.000 16 3 3 2 0 1 0
303804 303804 1 1 12.000 3002 1.250 -13.500 0.000 0.000 0.000 0.000 16 3 3 2 0 1 0
303805 303805 1 2 16.000 3002 1.250 -13.500 0.000 0.000 0.000 0.000 16 3 3 2 0 1 0
303806 303806 1 1 20.000 3002 1.250 -13.500 0.000 0.000 0.000 0.000 16 3 3 2 0 1 0
303807 303807 1 1 24.000 3002 1.250 -13.500 0.000 0.000 0.000 0.000 16 3 3 2 0 1 0
303808 303808 1 1 28.000 3002 1.250 -13.500 0.000 0.000 0.000 0.000 16 3 3 2 0 1 0
303809 303809 1 1 32.000 3002 1.250 -13.500 0.000 0.000 0.000 0.000 16 3 3 2 0 1 0
303810 303810 1 1 36.000 3002 1.250 -13.500 0.000 0.000 0.000 0.000 16 3 3 2 0 1 0
303811 303811 1 1 40.000 3002 1.250 -13.500 0.000 0.000 0.000 0.000 16 3 3 2 0 1 0
304421 304421 2 1 2.000 3003 6.750 -13.500 0.000 0.000 0.000 0.000 24 4 1 1 0 1 0
304422 304422 2 1 4.000 3003 6.750 -13.500 0.000 0.000 0.000 0.000 24 4 1 1 0 1 0
304423 304423 2 1 8.000 3003 6.750 -13.500 0.000 0.000 0.000 0.000 24 4 1 1 0 1 0
304424 304424 2 1 12.000 3003 6.750 -13.500 0.000 0.000 0.000 0.000 24 4 1 1 0 1 0
304425 304425 2 2 16.000 3003 6.750 -13.500 0.000 0.000 0.000 0.000 24 4 1 1 0 1 0
304426 304426 2 2 20.000 3003 6.750 -13.500 0.000 0.000 0.000 0.000 24 4 1 1 0 1 0
304427 304427 2 2 24.000 3003 6.750 -13.500 0.000 0.000 0.000 0.000 24 4 1 1 0 1 0
304428 304428 2 1 28.000 3003 6.750 -13.500 0.000 0.000 0.000 0.000 24 4 1 1 0 1 0
304429 304429 2 4 32.000 3003 6.750 -13.500 0.000 0.000 0.000 0.000 24 4 1 1 0 1 0
304430 304430 2 1 36.000 3003 6.750 -13.500 0.000 0.000 0.000 0.000 24 4 1 1 0 1 0
304431 304431 2 1 40.000 3003 6.750 -13.500 0.000 0.000 0.000 0.000 24 4 1 1 0 1 0
304432 304432 2 1 44.000 3003 6.750 -13.500 0.000 0.000 0.000 0.000 24 4 1 1 0 1 0
304433 304433 2 1 48.000 3003 6.750 -13.500 0.000 0.000 0.000 0.000 24 4 1 1 0 1 0
304441 304441 2 1 2.000 3003 6.750 -13.500 0.000 0.000 0.000 0.000 24 4 3 1 0 1 0
304442 304442 2 1 4.000 3003 6.750 -13.500 0.000 0.000 0.000 0.000 24 4 3 1 0 1 0
304443 304443 2 1 8.000 3003 6.750 -13.500 0.000 0.000 0.000 0.000 24 4 3 1 0 1 0
304444 304444 2 1 12.000 3003 6.750 -13.500 0.000 0.000 0.000 0.000 24 4 3 1 0 1 0
304445 304445 2 2 16.000 3003 6.750 -13.500 0.000 0.000 0.000 0.000 24 4 3 1 0 1 0
304446 304446 2 2 20.000 3003 6.750 -13.500 0.000 0.000 0.000 0.000 24 4 3 1 0 1 0
304447 304447 2 2 24.000 3003 6.750 -13.500 0.000 0.000 0.000 0.000 24 4 3 1 0 1 0
304448 304448 2 1 28.000 3003 6.750 -13.500 0.000 0.000 0.000 0.000 24 4 3 1 0 1 0
304449 304449 2 4 32.000 3003 6.750 -13.500 0.000 0.000 0.000 0.000 24 4 3 1 0 1 0
304450 304450 2 1 36.000 3003 6.750 -13.500 0.000 0.000 0.000 0.000 24 4 3 1 0 1 0
304451 304451 2 1 40.000 3003 6.750 -13.500 0.000 0.000 0.000 0.000 24 4 3 1 0 1 0
304461 304461 2 1 2.000 3003 6.750 -13.500 0.000 0.000 0.000 0.000 24 4 4 1 0 1 0
304462 304462 2 1 4.000 3003 6.750 -13.500 0.000 0.000 0.000 0.000 24 4 4 1 0 1 0
304463 304463 2 1 8.000 3003 6.750 -13.500 0.000 0.000 0.000 0.000 24 4 4 1 0 1 0
304464 304464 2 1 12.000 3003 6.750 -13.500 0.000 0.000 0.000 0.000 24 4 4 1 0 1 0
304465 304465 2 2 16.000 3003 6.750 -13.500 0.000 0.000 0.000 0.000 24 4 4 1 0 1 0
304466 304466 2 5 20.000 3003 6.750 -13.500 0.000 0.000 0.000 0.000 24 4 4 1 0 1 0
304467 304467 2 2 24.000 3003 6.750 -13.500 0.000 0.000 0.000 0.000 24 4 4 1 0 1 0
304468 304468 2 7 28.000 3003 6.750 -13.500 0.000 0.000 0.000 0.000 24 4 4 1 0 1 0
304469 304469 2 1 32.000 3003 6.750 -13.500 0.000 0.000 0.000 0.000 24 4 4 1 0 1 0
304470 304470 2 3 36.000 3003 6.750 -13.500 0.000 0.000 0.000 0.000 24 4 4 1 0 1 0
304471 304471 2 5 40.000 3003 6.750 -13.500 0.000 0.000 0.000 0.000 24 4 4 1 0 1 0
305221 305221 2 1 2.000 3003 9.450 -13.500 0.000 0.000 0.000 0.000 32 4 1 1 0 1 0
305222 305222 2 1 4.000 3003 9.450 -13.500 0.000 0.000 0.000 0.000 32 4 1 1 0 1 0
305223 305223 2 1 8.000 3003 9.450 -13.500 0.000 0.000 0.000 0.000 32 4 1 1 0 1 0
305224 305224 2 1 12.000 3003 9.450 -13.500 0.000 0.000 0.000 0.000 32 4 1 1 0 1 0
305225 305225 2 2 16.000 3003 9.450 -13.500 0.000 0.000 0.000 0.000 32 4 1 1 0 1 0
305226 305226 2 2 20.000 3003 9.450 -13.500 0.000 0.000 0.000 0.000 32 4 1 1 0 1 0
305227 305227 2 2 24.000 3003 9.450 -13.500 0.000 0.000 0.000 0.000 32 4 1 1 0 1 0
305228 305228 2 2 28.000 3003 9.450 -13.500 0.000 0.000 0.000 0.000 32 4 1 1 0 1 0
305229 305229 2 4 32.000 3003 9.450 -13.500 0.000 0.000 0.000 0.000 32 4 1 1 0 1 0
305230 305230 2 1 36.000 3003 9.450 -13.500 0.000 0.000 0.000 0.000 32 4 1 1 0 1 0
305231 305231 2 1 40.000 3003 9.450 -13.500 0.000 0.000 0.000 0.000 32 4 1 1 0 1 0
305232 305232 2 1 44.000 3003 9.450 -13.500 0.000 0.000 0.000 0.000 32 4 1 1 0 1 0
305233 305233 2 1 48.000 3003 9.450 -13.500 0.000 0.000 0.000 0.000 32 4 1 1 0 1 0
305241 305241 2 1 2.000 3003 9.450 -13.500 0.000 0.000 0.000 0.000 32 4 3 1 0 1 0
305242 305242 2 1 4.000 3003 9.450 -13.500 0.000 0.000 0.000 0.000 32 4 3 1 0 1 0
305243 305243 2 1 8.000 3003 9.450 -13.500 0.000 0.000 0.000 0.000 32 4 3 1 0 1 0
305244 305244 2 1 12.000 3003 9.450 -13.500 0.000 0.000 0.000 0.000 32 4 3 1 0 1 0
305245 305245 2 2 16.000 3003 9.450 -13.500 0.000 0.000 0.000 0.000 32 4 3 1 0 1 0
305246 305246 2 2 20.000 3003 9.450 -13.500 0.000 0.000 0.000 0.000 32 4 3 1 0 1 0
305247 305247 2 2 24.000 3003 9.450 -13.500 0.000 0.000 0.000 0.000 32 4 3 1 0 1 0
305248 305248 2 2 28.000 3003 9.450 -13.500 0.000 0.000 0.000 0.000 32 4 3 1 0 1 0
305249 305249 2 4 32.000 3003 9.450 -13.500 0.000 0.000 0.000 0.000 32 4 3 1 0 1 0
305250 305250 2 1 36.000 3003 9.450 -13.500 0.000 0.000 0.000 0.000 32 4 3 1 0 1 0
305251 305251 2 1 40.000 3003 9.450 -13.500 0.000 0.000 0.000 0.000 32 4 3 1 0 1 0
305261 305261 2 1 2.000 3003 9.450 -13.500 0.000 0.000 0.000 0.000 32 4 4 1 0 1 0
305262 305262 2 1 4.000 3003 9.450 -13.500 0.000 0.000 0.000 0.000 32 4 4 1 0 1 0
305263 305263 2 1 8.000 3003 9.450 -13.500 0.000 0.000 0.000 0.000 32 4 4 1 0 1 0
305264 305264 2 1 12.000 3003 9.450 -13.500 0.000 0.000 0.000 0.000 32 4 4 1 0 1 0
305265 305265 2 2 16.000 3003 9.450 -13.500 0.000 0.000 0.000 0.000 32 4 4 1 0 1 0
305266 305266 2 2 20.000 3003 9.450 -13.500 0.000 0.000 0.000 0.000 32 4 4 1 0 1 0
305267 305267 2 2 24.000 3003 9.450 -13.500 0.000 0.000 0.000 0.000 32 4 4 1 0 1 0
305268 305268 2 7 28.000 3003 9.450 -13.500 0.000 0.000 0.000 0.000 32 4 4 1 0 1 0
305269 305269 2 1 32.000 3003 9.450 -13.500 0.000 0.000 0.000 0.000 32 4 4 1 0 1 0
305270 305270 2 3 36.000 3003 9.450 -13.500 0.000 0.000 0.000 0.000 32 4 4 1 0 1 0
305271 305271 2 5 40.000 3003 9.450 -13.500 0.000 0.000 0.000 0.000 32 4 4 1 0 1 0
305284 305284 3 1 12.000 3006 16.000 -13.500 0.000 0.000 0.000 0.000 32 11 5 1 0 4 0
305287 305287 3 2 24.000 3006 16.000 -13.500 0.000 0.000 0.000 0.000 32 11 5 1 0 4 0
306021 306021 3 1 2.000 3004 15.450 -13.500 0.000 0.000 0.000 0.000 44 5 1 1 0 1 0
306022 306022 3 1 4.000 3004 15.450 -13.500 0.000 0.000 0.000 0.000 44 5 1 1 0 1 0
306023 306023 3 1 8.000 3004 15.450 -13.500 0.000 0.000 0.000 0.000 44 5 1 1 0 1 0
306024 306024 3 1 12.000 3004 15.450 -13.500 0.000 0.000 0.000 0.000 44 5 1 1 0 1 0
306025 306025 3 2 16.000 3004 15.450 -13.500 0.000 0.000 0.000 0.000 44 5 1 1 0 1 0
306026 306026 3 2 20.000 3004 15.450 -13.500 0.000 0.000 0.000 0.000 44 5 1 1 0 1 0
306027 306027 3 2 24.000 3004 15.450 -13.500 0.000 0.000 0.000 0.000 44 5 1 1 0 1 0
306028 306028 3 1 28.000 3004 15.450 -13.500 0.000 0.000 0.000 0.000 44 5 1 1 0 1 0
306029 306029 3 4 32.000 3004 15.450 -13.500 0.000 0.000 0.000 0.000 44 5 1 1 0 1 0
306030 306030 3 3 36.000 3004 15.450 -13.500 0.000 0.000 0.000 0.000 44 5 1 1 0 1 0
306031 306031 3 1 40.000 3004 15.450 -13.500 0.000 0.000 0.000 0.000 44 5 1 1 0 1 0
306032 306032 3 1 44.000 3004 15.450 -13.500 0.000 0.000 0.000 0.000 44 5 1 1 0 1 0
306033 306033 3 1 48.000 3004 15.450 -13.500 0.000 0.000 0.000 0.000 44 5 1 1 0 1 0
306034 306034 3 1 52.000 3004 15.450 -13.500 0.000 0.000 0.000 0.000 44 5 1 1 0 1 0
306035 306035 3 1 56.000 3004 15.450 -13.500 0.000 0.000 0.000 0.000 44 5 1 1 0 1 0
306041 306041 3 1 2.000 3004 15.450 -13.500 0.000 0.000 0.000 0.000 44 5 3 1 0 1 0
306042 306042 3 1 4.000 3004 15.450 -13.500 0.000 0.000 0.000 0.000 44 5 3 1 0 1 0
306043 306043 3 1 8.000 3004 15.450 -13.500 0.000 0.000 0.000 0.000 44 5 3 1 0 1 0
306044 306044 3 1 12.000 3004 15.450 -13.500 0.000 0.000 0.000 0.000 44 5 3 1 0 1 0
306045 306045 3 2 16.000 3004 15.450 -13.500 0.000 0.000 0.000 0.000 44 5 3 1 0 1 0
306046 306046 3 2 20.000 3004 15.450 -13.500 0.000 0.000 0.000 0.000 44 5 3 1 0 1 0
306047 306047 3 2 24.000 3004 15.450 -13.500 0.000 0.000 0.000 0.000 44 5 3 1 0 1 0
306048 306048 3 1 28.000 3004 15.450 -13.500 0.000 0.000 0.000 0.000 44 5 3 1 0 1 0
306049 306049 3 4 32.000 3004 15.450 -13.500 0.000 0.000 0.000 0.000 44 5 3 1 0 1 0
306050 306050 3 3 36.000 3004 15.450 -13.500 0.000 0.000 0.000 0.000 44 5 3 1 0 1 0
306051 306051 3 1 40.000 3004 15.450 -13.500 0.000 0.000 0.000 0.000 44 5 3 1 0 1 0
306052 306052 3 1 44.000 3004 15.450 -13.500 0.000 0.000 0.000 0.000 44 5 3 1 0 1 0
306053 306053 3 1 48.000 3004 15.450 -13.500 0.000 0.000 0.000 0.000 44 5 3 1 0 1 0
306054 306054 3 1 52.000 3004 15.450 -13.500 0.000 0.000 0.000 0.000 44 5 3 1 0 1 0
306055 306055 3 1 56.000 3004 15.450 -13.500 0.000 0.000 0.000 0.000 44 5 3 1 0 1 0
306061 306061 3 1 2.000 3004 15.450 -13.500 0.000 0.000 0.000 0.000 44 5 4 1 0 1 0
306062 306062 3 1 4.000 3004 15.450 -13.500 0.000 0.000 0.000 0.000 44 5 4 1 0 1 0
306063 306063 3 1 8.000 3004 15.450 -13.500 0.000 0.000 0.000 0.000 44 5 4 1 0 1 0
306064 306064 3 1 12.000 3004 15.450 -13.500 0.000 0.000 0.000 0.000 44 5 4 1 0 1 0
306065 306065 3 2 16.000 3004 15.450 -13.500 0.000 0.000 0.000 0.000 44 5 4 1 0 1 0
306066 306066 3 2 20.000 3004 15.450 -13.500 0.000 0.000 0.000 0.000 44 5 4 1 0 1 0
306067 306067 3 2 24.000 3004 15.450 -13.500 0.000 0.000 0.000 0.000 44 5 4 1 0 1 0
306068 306068 3 7 28.000 3004 15.450 -13.500 0.000 0.000 0.000 0.000 44 5 4 1 0 1 0
306069 306069 3 4 32.000 3004 15.450 -13.500 0.000 0.000 0.000 0.000 44 5 4 1 0 1 0
306070 306070 3 3 36.000 3004 15.450 -13.500 0.000 0.000 0.000 0.000 44 5 4 1 0 1 0
306071 306071 3 5 40.000 3004 15.450 -13.500 0.000 0.000 0.000 0.000 44 5 4 1 0 1 0
306072 306072 3 5 44.000 3004 15.450 -13.500 0.000 0.000 0.000 0.000 44 5 4 1 0 1 0
306073 306073 3 5 48.000 3004 15.450 -13.500 0.000 0.000 0.000 0.000 44 5 4 1 0 1 0
306074 306074 3 5 52.000 3004 15.450 -13.500 0.000 0.000 0.000 0.000 44 5 4 1 0 1 0
306075 306075 3 5 56.000 3004 15.450 -13.500 0.000 0.000 0.000 0.000 44 5 4 1 0 1 0
306821 306821 3 1 2.000 3004 21.450 -13.500 0.000 0.000 0.000 0.000 56 5 1 1 0 1 0
306822 306822 3 1 4.000 3004 21.450 -13.500 0.000 0.000 0.000 0.000 56 5 1 1 0 1 0
306823 306823 3 1 8.000 3004 21.450 -13.500 0.000 0.000 0.000 0.000 56 5 1 1 0 1 0
306824 306824 3 1 12.000 3004 21.450 -13.500 0.000 0.000 0.000 0.000 56 5 1 1 0 1 0
306825 306825 3 1 16.000 3004 21.450 -13.500 0.000 0.000 0.000 0.000 56 5 1 1 0 1 0
306826 306826 3 1 20.000 3004 21.450 -13.500 0.000 0.000 0.000 0.000 56 5 1 1 0 1 0
306827 306827 3 1 24.000 3004 21.450 -13.500 0.000 0.000 0.000 0.000 56 5 1 1 0 1 0
306828 306828 3 1 28.000 3004 21.450 -13.500 0.000 0.000 0.000 0.000 56 5 1 1 0 1 0
306829 306829 3 1 32.000 3004 21.450 -13.500 0.000 0.000 0.000 0.000 56 5 1 1 0 1 0
306830 306830 3 1 36.000 3004 21.450 -13.500 0.000 0.000 0.000 0.000 56 5 1 1 0 1 0
306831 306831 3 1 40.000 3004 21.450 -13.500 0.000 0.000 0.000 0.000 56 5 1 1 0 1 0
306832 306832 3 4 44.000 3004 21.450 -13.500 0.000 0.000 0.000 0.000 56 5 1 1 0 1 0
306833 306833 3 1 48.000 3004 21.450 -13.500 0.000 0.000 0.000 0.000 56 5 1 1 0 1 0
306834 306834 3 4 52.000 3004 21.450 -13.500 0.000 0.000 0.000 0.000 56 5 1 1 0 1 0
306835 306835 3 1 56.000 3004 21.450 -13.500 0.000 0.000 0.000 0.000 56 5 1 1 0 1 0
306841 306841 3 1 2.000 3004 21.450 -13.500 0.000 0.000 0.000 0.000 56 5 3 1 0 1 0
306842 306842 3 1 4.000 3004 21.450 -13.500 0.000 0.000 0.000 0.000 56 5 3 1 0 1 0
306843 306843 3 1 8.000 3004 21.450 -13.500 0.000 0.000 0.000 0.000 56 5 3 1 0 1 0
306844 306844 3 1 12.000 3004 21.450 -13.500 0.000 0.000 0.000 0.000 56 5 3 1 0 1 0
306845 306845 3 2 16.000 3004 21.450 -13.500 0.000 0.000 0.000 0.000 56 5 3 1 0 1 0
306846 306846 3 2 20.000 3004 21.450 -13.500 0.000 0.000 0.000 0.000 56 5 3 1 0 1 0
306847 306847 3 2 24.000 3004 21.450 -13.500 0.000 0.000 0.000 0.000 56 5 3 1 0 1 0
306848 306848 3 1 28.000 3004 21.450 -13.500 0.000 0.000 0.000 0.000 56 5 3 1 0 1 0
306849 306849 3 4 32.000 3004 21.450 -13.500 0.000 0.000 0.000 0.000 56 5 3 1 0 1 0
306850 306850 3 3 36.000 3004 21.450 -13.500 0.000 0.000 0.000 0.000 56 5 3 1 0 1 0
306851 306851 3 4 40.000 3004 21.450 -13.500 0.000 0.000 0.000 0.000 56 5 3 1 0 1 0
306852 306852 3 4 44.000 3004 21.450 -13.500 0.000 0.000 0.000 0.000 56 5 3 1 0 1 0
306853 306853 3 1 48.000 3004 21.450 -13.500 0.000 0.000 0.000 0.000 56 5 3 1 0 1 0
306854 306854 3 4 52.000 3004 21.450 -13.500 0.000 0.000 0.000 0.000 56 5 3 1 0 1 0
306855 306855 3 1 56.000 3004 21.450 -13.500 0.000 0.000 0.000 0.000 56 5 3 1 0 1 0
306861 306861 3 1 2.000 3004 21.450 -13.500 0.000 0.000 0.000 0.000 56 5 4 1 0 1 0
306862 306862 3 1 4.000 3004 21.450 -13.500 0.000 0.000 0.000 0.000 56 5 4 1 0 1 0
306863 306863 3 1 8.000 3004 21.450 -13.500 0.000 0.000 0.000 0.000 56 5 4 1 0 1 0
306864 306864 3 1 12.000 3004 21.450 -13.500 0.000 0.000 0.000 0.000 56 5 4 1 0 1 0
306865 306865 3 2 16.000 3004 21.450 -13.500 0.000 0.000 0.000 0.000 56 5 4 1 0 1 0
306866 306866 3 2 20.000 3004 21.450 -13.500 0.000 0.000 0.000 0.000 56 5 4 1 0 1 0
306867 306867 3 2 24.000 3004 21.450 -13.500 0.000 0.000 0.000 0.000 56 5 4 1 0 1 0
306868 306868 3 7 28.000 3004 21.450 -13.500 0.000 0.000 0.000 0.000 56 5 4 1 0 1 0
306869 306869 3 1 32.000 3004 21.450 -13.500 0.000 0.000 0.000 0.000 56 5 4 1 0 1 0
306870 306870 3 3 36.000 3004 21.450 -13.500 0.000 0.000 0.000 0.000 56 5 4 1 0 1 0
306871 306871 3 5 40.000 3004 21.450 -13.500 0.000 0.000 0.000 0.000 56 5 4 1 0 1 0
306872 306872 3 4 44.000 3004 21.450 -13.500 0.000 0.000 0.000 0.000 56 5 4 1 0 1 0
306873 306873 3 4 48.000 3004 21.450 -13.500 0.000 0.000 0.000 0.000 56 5 4 1 0 1 0
306874 306874 3 4 52.000 3004 21.450 -13.500 0.000 0.000 0.000 0.000 56 5 4 1 0 1 0
306875 306875 3 5 56.000 3004 21.450 -13.500 0.000 0.000 0.000 0.000 56 5 4 1 0 1 0
307621 307621 4 1 2.000 3005 30.950 -13.500 0.000 0.000 0.000 0.000 72 6 1 1 0 1 0
307622 307622 4 1 4.000 3005 30.950 -13.500 0.000 0.000 0.000 0.000 72 6 1 1 0 1 0
307623 307623 4 2 8.000 3005 30.950 -13.500 0.000 0.000 0.000 0.000 72 6 1 1 0 1 0
307624 307624 4 3 12.000 3005 30.950 -13.500 0.000 0.000 0.000 0.000 72 6 1 1 0 1 0
307625 307625 4 4 16.000 3005 30.950 -13.500 0.000 0.000 0.000 0.000 72 6 1 1 0 1 0
307626 307626 4 5 20.000 3005 30.950 -13.500 0.000 0.000 0.000 0.000 72 6 1 1 0 1 0
307627 307627 4 6 24.000 3005 30.950 -13.500 0.000 0.000 0.000 0.000 72 6 1 1 0 1 0
307628 307628 4 7 28.000 3005 30.950 -13.500 0.000 0.000 0.000 0.000 72 6 1 1 0 1 0
307629 307629 4 8 32.000 3005 30.950 -13.500 0.000 0.000 0.000 0.000 72 6 1 1 0 1 0
307630 307630 4 9 36.000 3005 30.950 -13.500 0.000 0.000 0.000 0.000 72 6 1 1 0 1 0
307631 307631 4 1 40.000 3005 30.950 -13.500 0.000 0.000 0.000 0.000 72 6 1 1 0 1 0
307632 307632 4 1 44.000 3005 30.950 -13.500 0.000 0.000 0.000 0.000 72 6 1 1 0 1 0
307633 307633 4 1 48.000 3005 30.950 -13.500 0.000 0.000 0.000 0.000 72 6 1 1 0 1 0
307634 307634 4 1 52.000 3005 30.950 -13.500 0.000 0.000 0.000 0.000 72 6 1 1 0 1 0
307635 307635 4 1 56.000 3005 30.950 -13.500 0.000 0.000 0.000 0.000 72 6 1 1 0 1 0
307636 307636 4 1 60.000 3005 30.950 -13.500 0.000 0.000 0.000 0.000 72 6 1 1 0 1 0
307637 307637 4 1 64.000 3005 30.950 -13.500 0.000 0.000 0.000 0.000 72 6 1 1 0 1 0
307638 307638 4 1 68.000 3005 30.950 -13.500 0.000 0.000 0.000 0.000 72 6 1 1 0 1 0
307639 307639 4 1 72.000 3005 30.950 -13.500 0.000 0.000 0.000 0.000 72 6 1 1 0 1 0
307640 307640 4 1 76.000 3005 30.950 -13.500 0.000 0.000 0.000 0.000 72 6 1 1 0 1 0
307641 307641 4 1 2.000 3005 30.950 -13.500 0.000 0.000 0.000 0.000 72 6 3 1 0 1 0
307642 307642 4 1 4.000 3005 30.950 -13.500 0.000 0.000 0.000 0.000 72 6 3 1 0 1 0
307643 307643 4 2 8.000 3005 30.950 -13.500 0.000 0.000 0.000 0.000 72 6 3 1 0 1 0
307644 307644 4 4 12.000 3005 30.950 -13.500 0.000 0.000 0.000 0.000 72 6 3 1 0 1 0
307645 307645 4 4 16.000 3005 30.950 -13.500 0.000 0.000 0.000 0.000 72 6 3 1 0 1 0
307646 307646 4 5 20.000 3005 30.950 -13.500 0.000 0.000 0.000 0.000 72 6 3 1 0 1 0
307647 307647 4 6 24.000 3005 30.950 -13.500 0.000 0.000 0.000 0.000 72 6 3 1 0 1 0
307648 307648 4 7 28.000 3005 30.950 -13.500 0.000 0.000 0.000 0.000 72 6 3 1 0 1 0
307649 307649 4 8 32.000 3005 30.950 -13.500 0.000 0.000 0.000 0.000 72 6 3 1 0 1 0
307650 307650 4 9 36.000 3005 30.950 -13.500 0.000 0.000 0.000 0.000 72 6 3 1 0 1 0
307651 307651 4 1 40.000 3005 30.950 -13.500 0.000 0.000 0.000 0.000 72 6 3 1 0 1 0
307652 307652 4 1 44.000 3005 30.950 -13.500 0.000 0.000 0.000 0.000 72 6 3 1 0 1 0
307653 307653 4 1 48.000 3005 30.950 -13.500 0.000 0.000 0.000 0.000 72 6 3 1 0 1 0
307654 307654 4 1 52.000 3005 30.950 -13.500 0.000 0.000 0.000 0.000 72 6 3 1 0 1 0
307655 307655 4 1 56.000 3005 30.950 -13.500 0.000 0.000 0.000 0.000 72 6 3 1 0 1 0
307656 307656 4 1 60.000 3005 30.950 -13.500 0.000 0.000 0.000 0.000 72 6 3 1 0 1 0
307657 307657 4 1 64.000 3005 30.950 -13.500 0.000 0.000 0.000 0.000 72 6 3 1 0 1 0
307658 307658 4 1 68.000 3005 30.950 -13.500 0.000 0.000 0.000 0.000 72 6 3 1 0 1 0
307659 307659 4 1 72.000 3005 30.950 -13.500 0.000 0.000 0.000 0.000 72 6 3 1 0 1 0
307660 307660 4 1 76.000 3005 30.950 -13.500 0.000 0.000 0.000 0.000 72 6 3 1 0 1 0
307661 307661 4 1 2.000 3005 30.950 -13.500 0.000 0.000 0.000 0.000 72 6 4 1 0 1 0
307662 307662 4 1 4.000 3005 30.950 -13.500 0.000 0.000 0.000 0.000 72 6 4 1 0 1 0
307663 307663 4 1 8.000 3005 30.950 -13.500 0.000 0.000 0.000 0.000 72 6 4 1 0 1 0
307664 307664 4 1 12.000 3005 30.950 -13.500 0.000 0.000 0.000 0.000 72 6 4 1 0 1 0
307665 307665 4 1 16.000 3005 30.950 -13.500 0.000 0.000 0.000 0.000 72 6 4 1 0 1 0
307666 307666 4 5 20.000 3005 30.950 -13.500 0.000 0.000 0.000 0.000 72 6 4 1 0 1 0
307667 307667 4 2 24.000 3005 30.950 -13.500 0.000 0.000 0.000 0.000 72 6 4 1 0 1 0
307668 307668 4 7 28.000 3005 30.950 -13.500 0.000 0.000 0.000 0.000 72 6 4 1 0 1 0
307669 307669 4 2 32.000 3005 30.950 -13.500 0.000 0.000 0.000 0.000 72 6 4 1 0 1 0
307670 307670 4 3 36.000 3005 30.950 -13.500 0.000 0.000 0.000 0.000 72 6 4 1 0 1 0
307671 307671 4 5 40.000 3005 30.950 -13.500 0.000 0.000 0.000 0.000 72 6 4 1 0 1 0
307672 307672 4 5 44.000 3005 30.950 -13.500 0.000 0.000 0.000 0.000 72 6 4 1 0 1 0
307673 307673 4 5 48.000 3005 30.950 -13.500 0.000 0.000 0.000 0.000 72 6 4 1 0 1 0
307674 307674 4 5 52.000 3005 30.950 -13.500 0.000 0.000 0.000 0.000 72 6 4 1 0 1 0
307675 307675 4 5 56.000 3005 30.950 -13.500 0.000 0.000 0.000 0.000 72 6 4 1 0 1 0
307676 307676 4 5 60.000 3005 30.950 -13.500 0.000 0.000 0.000 0.000 72 6 4 1 0 1 0
307677 307677 4 5 64.000 3005 30.950 -13.500 0.000 0.000 0.000 0.000 72 6 4 1 0 1 0
307678 307678 4 5 68.000 3005 30.950 -13.500 0.000 0.000 0.000 0.000 72 6 4 1 0 1 0
307679 307679 4 5 72.000 3005 30.950 -13.500 0.000 0.000 0.000 0.000 72 6 4 1 0 1 0
307680 307680 4 5 76.000 3005 30.950 -13.500 0.000 0.000 0.000 0.000 72 6 4 1 0 1 0
308461 308461 5 1 2.000 3012 37.450 -13.500 0.000 0.000 0.000 0.000 88 7 4 1 0 1 0
308462 308462 5 1 4.000 3012 37.450 -13.500 0.000 0.000 0.000 0.000 88 7 4 1 0 1 0
308463 308463 5 1 8.000 3012 37.450 -13.500 0.000 0.000 0.000 0.000 88 7 4 1 0 1 0
308464 308464 5 1 12.000 3012 37.450 -13.500 0.000 0.000 0.000 0.000 88 7 4 1 0 1 0
308465 308465 5 1 16.000 3012 37.450 -13.500 0.000 0.000 0.000 0.000 88 7 4 1 0 1 0
308466 308466 5 1 20.000 3012 37.450 -13.500 0.000 0.000 0.000 0.000 88 7 4 1 0 1 0
308467 308467 5 1 24.000 3012 37.450 -13.500 0.000 0.000 0.000 0.000 88 7 4 1 0 1 0
308468 308468 5 1 28.000 3012 37.450 -13.500 0.000 0.000 0.000 0.000 88 7 4 1 0 1 0
308469 308469 5 1 32.000 3012 37.450 -13.500 0.000 0.000 0.000 0.000 88 7 4 1 0 1 0
308470 308470 5 1 36.000 3012 37.450 -13.500 0.000 0.000 0.000 0.000 88 7 4 1 0 1 0
308471 308471 5 1 40.000 3012 37.450 -13.500 0.000 0.000 0.000 0.000 88 7 4 1 0 1 0
308472 308472 5 1 44.000 3012 37.450 -13.500 0.000 0.000 0.000 0.000 88 7 4 1 0 1 0
308473 308473 5 1 48.000 3012 37.450 -13.500 0.000 0.000 0.000 0.000 88 7 4 1 0 1 0
308474 308474 5 1 52.000 3012 37.450 -13.500 0.000 0.000 0.000 0.000 88 7 4 1 0 1 0
308475 308475 5 1 56.000 3012 37.450 -13.500 0.000 0.000 0.000 0.000 88 7 4 1 0 1 0
308476 308476 5 1 60.000 3012 37.450 -13.500 0.000 0.000 0.000 0.000 88 7 4 1 0 1 0
308477 308477 5 1 64.000 3012 37.450 -13.500 0.000 0.000 0.000 0.000 88 7 4 1 0 1 0
308478 308478 5 1 68.000 3012 37.450 -13.500 0.000 0.000 0.000 0.000 88 7 4 1 0 1 0
308479 308479 5 1 72.000 3012 37.450 -13.500 0.000 0.000 0.000 0.000 88 7 4 1 0 1 0
308480 308480 5 1 76.000 3012 37.450 -13.500 0.000 0.000 0.000 0.000 88 7 4 1 0 1 0
309261 309261 6 1 2.000 3013 45.450 -13.500 0.000 0.000 0.000 0.000 104 8 4 1 0 1 0
309262 309262 6 1 4.000 3013 45.450 -13.500 0.000 0.000 0.000 0.000 104 8 4 1 0 1 0
309263 309263 6 1 8.000 3013 45.450 -13.500 0.000 0.000 0.000 0.000 104 8 4 1 0 1 0
309264 309264 6 1 12.000 3013 45.450 -13.500 0.000 0.000 0.000 0.000 104 8 4 1 0 1 0
309265 309265 6 1 16.000 3013 45.450 -13.500 0.000 0.000 0.000 0.000 104 8 4 1 0 1 0
309266 309266 6 1 20.000 3013 45.450 -13.500 0.000 0.000 0.000 0.000 104 8 4 1 0 1 0
309267 309267 6 1 24.000 3013 45.450 -13.500 0.000 0.000 0.000 0.000 104 8 4 1 0 1 0
309268 309268 6 1 28.000 3013 45.450 -13.500 0.000 0.000 0.000 0.000 104 8 4 1 0 1 0
309269 309269 6 1 32.000 3013 45.450 -13.500 0.000 0.000 0.000 0.000 104 8 4 1 0 1 0
309270 309270 6 1 36.000 3013 45.450 -13.500 0.000 0.000 0.000 0.000 104 8 4 1 0 1 0
309271 309271 6 1 40.000 3013 45.450 -13.500 0.000 0.000 0.000 0.000 104 8 4 1 0 1 0
309272 309272 6 1 44.000 3013 45.450 -13.500 0.000 0.000 0.000 0.000 104 8 4 1 0 1 0
309273 309273 6 1 48.000 3013 45.450 -13.500 0.000 0.000 0.000 0.000 104 8 4 1 0 1 0
309274 309274 6 1 52.000 3013 45.450 -13.500 0.000 0.000 0.000 0.000 104 8 4 1 0 1 0
309275 309275 6 1 56.000 3013 45.450 -13.500 0.000 0.000 0.000 0.000 104 8 4 1 0 1 0
309276 309276 6 1 60.000 3013 45.450 -13.500 0.000 0.000 0.000 0.000 104 8 4 1 0 1 0
309277 309277 6 1 64.000 3013 45.450 -13.500 0.000 0.000 0.000 0.000 104 8 4 1 0 1 0
309278 309278 6 1 68.000 3013 45.450 -13.500 0.000 0.000 0.000 0.000 104 8 4 1 0 1 0
309279 309279 6 1 72.000 3013 45.450 -13.500 0.000 0.000 0.000 0.000 104 8 4 1 0 1 0
309280 309280 6 1 76.000 3013 45.450 -13.500 0.000 0.000 0.000 0.000 104 8 4 1 0 1 0
310021 310021 4 0 0.000 3011 10.500 -13.500 31.500 -13.500 52.500 -13.500 0 10 0 0 1 3 0
310022 310022 4 0 0.000 3011 10.500 -13.500 31.500 -13.500 52.500 -13.500 0 10 0 0 2 3 0
310023 310023 4 0 0.000 3011 10.500 -13.500 31.500 -13.500 52.500 -13.500 0 10 0 0 3 3 0
310024 310024 4 0 0.000 3011 10.500 -13.500 31.500 -13.500 52.500 -13.500 0 10 0 0 4 3 0
310025 310025 2 0 0.000 3034 10.500 -13.500 0.000 0.000 0.000 0.000 0 52 0 0 1 3 0
310026 310026 2 0 0.000 3034 10.500 -13.500 0.000 0.000 0.000 0.000 0 52 0 0 2 3 0
310027 310027 2 0 0.000 3034 10.500 -13.500 0.000 0.000 0.000 0.000 0 52 0 0 3 3 0
310028 310028 2 0 0.000 3034 10.500 -13.500 0.000 0.000 0.000 0.000 0 52 0 0 4 3 0
310041 310041 2 1 0.000 3041 10.500 -13.500 0.000 0.000 0.000 0.000 0 42 0 0 0 14 0
310042 310042 4 1 0.000 3042 31.500 -13.500 0.000 0.000 0.000 0.000 0 43 0 0 0 14 0
310043 310043 6 0 0.000 3045 52.500 -13.500 0.000 0.000 0.000 0.000 0 51 0 0 0 14 0
310044 310044 4 0 0.000 3043 31.500 -4.500 0.000 0.000 0.000 0.000 0 43 0 0 0 14 0
310061 310061 8 0 0.000 3091 15.750 -48.000 36.750 -48.000 57.750 -48.000 0 91 0 0 1 3 1
310062 310062 8 0 0.000 3091 15.750 -48.000 36.750 -48.000 57.750 -48.000 0 91 0 0 2 3 1
310063 310063 8 0 0.000 3091 15.750 -48.000 36.750 -48.000 57.750 -48.000 0 91 0 0 3 3 1
310064 310064 8 0 0.000 3091 15.750 -48.000 36.750 -48.000 57.750 -48.000 0 91 0 0 4 3 1
316001 316001 3 1 0.000 3061 29.000 -13.500 0.000 0.000 0.000 0.000 0 46 0 0 0 16 0
316002 316002 3 2 0.000 3061 29.000 -13.500 0.000 0.000 0.000 0.000 0 46 0 0 0 16 0
316003 316003 3 3 0.000 3061 29.000 -13.500 0.000 0.000 0.000 0.000 0 46 0 0 0 16 0
316004 316004 3 4 0.000 3061 29.000 -13.500 0.000 0.000 0.000 0.000 0 46 0 0 0 16 0
316011 316011 3 1 0.000 3062 29.000 -13.500 0.000 0.000 0.000 0.000 0 47 0 0 0 16 0
316012 316012 3 2 0.000 3062 29.000 -13.500 0.000 0.000 0.000 0.000 0 47 0 0 0 16 0
316013 316013 3 3 0.000 3062 29.000 -13.500 0.000 0.000 0.000 0.000 0 47 0 0 0 16 0
316014 316014 3 4 0.000 3062 29.000 -13.500 0.000 0.000 0.000 0.000 0 47 0 0 0 16 0
316021 316021 3 1 0.000 3063 29.000 -13.500 0.000 0.000 0.000 0.000 0 48 0 0 0 16 0
316022 316022 3 2 0.000 3063 29.000 -13.500 0.000 0.000 0.000 0.000 0 48 0 0 0 16 0
316023 316023 3 3 0.000 3063 29.000 -13.500 0.000 0.000 0.000 0.000 0 48 0 0 0 16 0
316024 316024 3 4 0.000 3063 29.000 -13.500 0.000 0.000 0.000 0.000 0 48 0 0 0 16 0
316031 316031 3 1 0.000 3064 29.000 -13.500 0.000 0.000 0.000 0.000 0 49 0 0 0 16 0
316032 316032 3 2 0.000 3064 29.000 -13.500 0.000 0.000 0.000 0.000 0 49 0 0 0 16 0
316033 316033 3 3 0.000 3064 29.000 -13.500 0.000 0.000 0.000 0.000 0 49 0 0 0 16 0
316034 316034 3 4 0.000 3064 29.000 -13.500 0.000 0.000 0.000 0.000 0 49 0 0 0 16 0
316041 316041 3 1 0.000 3065 29.000 -13.500 0.000 0.000 0.000 0.000 0 58 0 0 0 20 0
316042 316042 3 2 0.000 3065 29.000 -13.500 0.000 0.000 0.000 0.000 0 58 0 0 0 20 0
316043 316043 3 3 0.000 3065 29.000 -13.500 0.000 0.000 0.000 0.000 0 58 0 0 0 20 0
316044 316044 3 4 0.000 3065 29.000 -13.500 0.000 0.000 0.000 0.000 0 58 0 0 0 20 0
316051 316051 3 1 0.000 3066 29.000 -13.500 0.000 0.000 0.000 0.000 0 59 0 0 0 20 0
316052 316052 3 2 0.000 3066 29.000 -13.500 0.000 0.000 0.000 0.000 0 59 0 0 0 20 0
316053 316053 3 3 0.000 3066 29.000 -13.500 0.000 0.000 0.000 0.000 0 59 0 0 0 20 0
316054 316054 3 4 0.000 3066 29.000 -13.500 0.000 0.000 0.000 0.000 0 59 0 0 0 20 0
316061 316061 3 1 0.000 3067 29.000 -13.500 0.000 0.000 0.000 0.000 0 60 0 0 0 20 0
316062 316062 3 2 0.000 3067 29.000 -13.500 0.000 0.000 0.000 0.000 0 60 0 0 0 20 0
316063 316063 3 3 0.000 3067 29.000 -13.500 0.000 0.000 0.000 0.000 0 60 0 0 0 20 0
316064 316064 3 4 0.000 3067 29.000 -13.500 0.000 0.000 0.000 0.000 0 60 0 0 0 20 0
316071 316071 3 1 0.000 3068 29.000 -13.500 0.000 0.000 0.000 0.000 0 61 0 0 0 20 0
316072 316072 3 2 0.000 3068 29.000 -13.500 0.000 0.000 0.000 0.000 0 61 0 0 0 20 0
316073 316073 3 3 0.000 3068 29.000 -13.500 0.000 0.000 0.000 0.000 0 61 0 0 0 20 0
316074 316074 3 4 0.000 3068 29.000 -13.500 0.000 0.000 0.000 0.000 0 61 0 0 0 20 0
316081 316081 3 1 0.000 3081 29.000 -13.500 0.000 0.000 0.000 0.000 0 62 0 0 0 16 0
316082 316082 3 2 0.000 3081 29.000 -13.500 0.000 0.000 0.000 0.000 0 62 0 0 0 16 0
316083 316083 3 3 0.000 3081 29.000 -13.500 0.000 0.000 0.000 0.000 0 62 0 0 0 16 0
316084 316084 3 4 0.000 3081 29.000 -13.500 0.000 0.000 0.000 0.000 0 62 0 0 0 16 0
316091 316091 3 1 0.000 3082 29.000 -13.500 0.000 0.000 0.000 0.000 0 63 0 0 0 16 0
316092 316092 3 2 0.000 3082 29.000 -13.500 0.000 0.000 0.000 0.000 0 63 0 0 0 16 0
316093 316093 3 3 0.000 3082 29.000 -13.500 0.000 0.000 0.000 0.000 0 63 0 0 0 16 0
316094 316094 3 4 0.000 3082 29.000 -13.500 0.000 0.000 0.000 0.000 0 63 0 0 0 16 0
316101 316101 3 1 0.000 3083 29.000 -13.500 0.000 0.000 0.000 0.000 0 64 0 0 0 16 0
316102 316102 3 2 0.000 3083 29.000 -13.500 0.000 0.000 0.000 0.000 0 64 0 0 0 16 0
316103 316103 3 3 0.000 3083 29.000 -13.500 0.000 0.000 0.000 0.000 0 64 0 0 0 16 0
316104 316104 3 4 0.000 3083 29.000 -13.500 0.000 0.000 0.000 0.000 0 64 0 0 0 16 0
316111 316111 3 1 0.000 3084 29.000 -13.500 0.000 0.000 0.000 0.000 0 65 0 0 0 16 0
316112 316112 3 2 0.000 3084 29.000 -13.500 0.000 0.000 0.000 0.000 0 65 0 0 0 16 0
316113 316113 3 3 0.000 3084 29.000 -13.500 0.000 0.000 0.000 0.000 0 65 0 0 0 16 0
316114 316114 3 4 0.000 3084 29.000 -13.500 0.000 0.000 0.000 0.000 0 65 0 0 0 16 0
326001 326001 3 1 0.000 3071 21.000 -13.500 0.000 0.000 0.000 0.000 0 53 0 0 0 18 0
326002 326002 3 2 0.000 3071 21.000 -13.500 0.000 0.000 0.000 0.000 0 53 0 0 0 18 0
326011 326011 5 1 0.000 3072 42.000 -13.500 0.000 0.000 0.000 0.000 0 54 0 0 0 18 0
326012 326012 5 2 0.000 3072 42.000 -13.500 0.000 0.000 0.000 0.000 0 54 0 0 0 18 0
326021 326021 5 1 0.000 3073 39.500 -13.500 0.000 0.000 0.000 0.000 0 55 0 0 0 18 0
326022 326022 5 2 0.000 3073 39.500 -13.500 0.000 0.000 0.000 0.000 0 55 0 0 0 18 0
326031 326031 6 1 0.000 3074 45.500 -13.500 0.000 0.000 0.000 0.000 0 56 0 0 0 18 0
326032 326032 6 2 0.000 3074 45.500 -13.500 0.000 0.000 0.000 0.000 0 56 0 0 0 18 0
335061 335061 7 1 2.000 3022 53.450 -13.500 0.000 0.000 0.000 0.000 120 9 4 1 0 1 0
335062 335062 7 1 4.000 3022 53.450 -13.500 0.000 0.000 0.000 0.000 120 9 4 1 0 1 0
335063 335063 7 1 8.000 3022 53.450 -13.500 0.000 0.000 0.000 0.000 120 9 4 1 0 1 0
335064 335064 7 1 12.000 3022 53.450 -13.500 0.000 0.000 0.000 0.000 120 9 4 1 0 1 0
335065 335065 7 1 16.000 3022 53.450 -13.500 0.000 0.000 0.000 0.000 120 9 4 1 0 1 0
335066 335066 7 1 20.000 3022 53.450 -13.500 0.000 0.000 0.000 0.000 120 9 4 1 0 1 0
335067 335067 7 1 24.000 3022 53.450 -13.500 0.000 0.000 0.000 0.000 120 9 4 1 0 1 0
335068 335068 7 1 28.000 3022 53.450 -13.500 0.000 0.000 0.000 0.000 120 9 4 1 0 1 0
335069 335069 7 1 32.000 3022 53.450 -13.500 0.000 0.000 0.000 0.000 120 9 4 1 0 1 0
335070 335070 7 1 36.000 3022 53.450 -13.500 0.000 0.000 0.000 0.000 120 9 4 1 0 1 0
335071 335071 7 1 40.000 3022 53.450 -13.500 0.000 0.000 0.000 0.000 120 9 4 1 0 1 0
335072 335072 7 1 44.000 3022 53.450 -13.500 0.000 0.000 0.000 0.000 120 9 4 1 0 1 0
335073 335073 7 1 48.000 3022 53.450 -13.500 0.000 0.000 0.000 0.000 120 9 4 1 0 1 0
335074 335074 7 1 52.000 3022 53.450 -13.500 0.000 0.000 0.000 0.000 120 9 4 1 0 1 0
335075 335075 7 1 56.000 3022 53.450 -13.500 0.000 0.000 0.000 0.000 120 9 4 1 0 1 0
335076 335076 7 1 60.000 3022 53.450 -13.500 0.000 0.000 0.000 0.000 120 9 4 1 0 1 0
335077 335077 7 1 64.000 3022 53.450 -13.500 0.000 0.000 0.000 0.000 120 9 4 1 0 1 0
335078 335078 7 1 68.000 3022 53.450 -13.500 0.000 0.000 0.000 0.000 120 9 4 1 0 1 0
335079 335079 7 1 72.000 3022 53.450 -13.500 0.000 0.000 0.000 0.000 120 9 4 1 0 1 0
335080 335080 7 1 76.000 3022 53.450 -13.500 0.000 0.000 0.000 0.000 120 9 4 1 0 1 0
336632 336632 1 1 1.000 3026 -5.300 2.500 5.200 2.500 0.000 0.000 4 32 1 1 0 1 0
336792 336792 1 1 1.000 3026 -5.300 2.500 5.200 2.500 0.000 0.000 4 32 1 2 0 1 0
336952 336952 1 1 1.000 3027 -4.000 2.500 6.500 2.500 0.000 0.000 4 33 1 1 0 1 0
337112 337112 1 1 1.000 3027 -4.000 2.500 6.500 2.500 0.000 0.000 4 33 1 2 0 1 0
337401 337401 1 1 2.000 4023 -4.000 2.500 0.000 0.000 0.000 0.000 8 26 0 1 0 5 0
337402 337402 1 1 4.000 4023 -4.000 2.500 0.000 0.000 0.000 0.000 8 26 0 1 0 5 0
337421 337421 1 1 2.000 4023 -4.000 2.500 0.000 0.000 0.000 0.000 8 26 1 1 0 5 0
337422 337422 1 1 4.000 4023 -4.000 2.500 0.000 0.000 0.000 0.000 8 26 1 1 0 5 0
337561 337561 1 1 2.000 4023 -4.000 2.500 0.000 0.000 0.000 0.000 8 26 0 2 0 5 0
337562 337562 1 1 4.000 4023 -4.000 2.500 0.000 0.000 0.000 0.000 8 26 0 2 0 5 0
337581 337581 1 1 2.000 4023 -4.000 2.500 0.000 0.000 0.000 0.000 8 26 1 2 0 5 0
337582 337582 1 1 4.000 4023 -4.000 2.500 0.000 0.000 0.000 0.000 8 26 1 2 0 5 0
338201 338201 1 1 2.000 3028 -4.000 2.500 6.500 2.500 0.000 0.000 8 34 0 1 0 1 0
338202 338202 1 1 4.000 3028 -4.000 2.500 6.500 2.500 0.000 0.000 8 34 0 1 0 1 0
338203 338203 1 1 8.000 3028 -4.000 2.500 6.500 2.500 0.000 0.000 8 34 0 1 0 1 0
338212 338212 1 1 1.000 3028 -4.000 1.500 6.500 1.500 0.000 0.000 8 34 0 1 0 1 0
338221 338221 1 1 2.000 3028 -4.000 2.500 6.500 2.500 0.000 0.000 8 34 1 1 0 1 0
338222 338222 1 1 4.000 3028 -4.000 2.500 6.500 2.500 0.000 0.000 8 34 1 1 0 1 0
338223 338223 1 1 8.000 3028 -4.000 2.500 6.500 2.500 0.000 0.000 8 34 1 1 0 1 0
338232 338232 1 1 1.000 3028 -4.000 1.500 6.500 1.500 0.000 0.000 8 34 1 1 0 1 0
338361 338361 1 1 2.000 3028 -4.000 2.500 6.500 2.500 0.000 0.000 8 34 0 2 0 1 0
338362 338362 1 1 4.000 3028 -4.000 2.500 6.500 2.500 0.000 0.000 8 34 0 2 0 1 0
338363 338363 1 1 8.000 3028 -4.000 2.500 6.500 2.500 0.000 0.000 8 34 0 2 0 1 0
338372 338372 1 1 1.000 3028 -4.000 1.500 6.500 1.500 0.000 0.000 8 34 0 2 0 1 0
338381 338381 1 1 2.000 3028 -4.000 2.500 6.500 2.500 0.000 0.000 8 34 1 2 0 1 0
338382 338382 1 1 4.000 3028 -4.000 2.500 6.500 2.500 0.000 0.000 8 34 1 2 0 1 0
338383 338383 1 1 8.000 3028 -4.000 2.500 6.500 2.500 0.000 0.000 8 34 1 2 0 1 0
338392 338392 1 1 1.000 3028 -4.000 1.500 6.500 1.500 0.000 0.000 8 34 1 2 0 1 0
340103 340103 1 0 0.000 4013 10.000 -2.500 0.000 0.000 0.000 0.000 0 25 0 0 0 8 0
340502 340502 5 0 0.000 4073 52.500 -13.500 0.000 0.000 0.000 0.000 0 24 0 0 0 10 0
340503 340503 6 0 0.000 4074 63.000 -13.500 0.000 0.000 0.000 0.000 0 24 0 0 0 10 0
340608 340608 5 0 0.000 4075 63.000 -13.500 0.000 0.000 0.000 0.000 0 24 0 0 0 0 0
340640 340640 6 0 0.000 4071 63.000 -13.500 0.000 0.000 0.000 0.000 0 24 0 0 0 11 0
340701 340701 5 0 0.000 4066 0.000 0.000 0.000 0.000 0.000 0.000 0 35 0 0 0 8 0
340901 340901 4 0 0.000 4072 30.950 -13.500 0.000 0.000 0.000 0.000 0 57 0 0 0 119 0
350801 350801 1 1 2.000 3030 -4.000 2.500 6.500 2.500 0.000 0.000 8 38 0 1 0 1 0
350802 350802 1 1 4.000 3030 -4.000 2.500 6.500 2.500 0.000 0.000 8 38 0 1 0 1 0
350803 350803 1 1 8.000 3030 -4.000 2.500 6.500 2.500 0.000 0.000 8 38 0 1 0 1 0
350812 350812 1 1 1.000 3030 -4.000 1.500 6.500 1.500 0.000 0.000 8 38 0 1 0 1 0
350961 350961 1 1 2.000 3030 -4.000 2.500 6.500 2.500 0.000 0.000 8 38 0 2 0 1 0
350962 350962 1 1 4.000 3030 -4.000 2.500 6.500 2.500 0.000 0.000 8 38 0 2 0 1 0
350963 350963 1 1 8.000 3030 -4.000 2.500 6.500 2.500 0.000 0.000 8 38 0 2 0 1 0
350972 350972 1 1 1.000 3030 -4.000 1.500 6.500 1.500 0.000 0.000 8 38 0 2 0 1 0
360000 360000 1 1 1.000 5001 1.250 -31.000 11.750 -31.000 0.000 0.000 4 67 1 1 0 1 1
360030 360030 1 1 1.000 5001 1.250 -31.000 11.750 -31.000 0.000 0.000 4 67 1 2 0 1 1
360060 360060 1 1 1.000 5002 1.250 -32.000 11.750 -32.000 0.000 0.000 8 68 0 1 0 1 1
360061 360061 1 1 2.000 5002 1.250 -31.000 11.750 -31.000 0.000 0.000 8 68 0 1 0 1 1
360062 360062 1 1 4.000 5002 1.250 -31.000 11.750 -31.000 0.000 0.000 8 68 0 1 0 1 1
360090 360090 1 1 1.000 5002 1.250 -32.000 11.750 -32.000 0.000 0.000 8 68 0 2 0 1 1
360091 360091 1 1 2.000 5002 1.250 -31.000 11.750 -31.000 0.000 0.000 8 68 0 2 0 1 1
360092 360092 1 1 4.000 5002 1.250 -31.000 11.750 -31.000 0.000 0.000 8 68 0 2 0 1 1
360120 360120 1 1 1.000 5002 1.250 -32.000 11.750 -32.000 0.000 0.000 8 68 1 1 0 1 1
360121 360121 1 1 2.000 5002 1.250 -31.000 11.750 -31.000 0.000 0.000 8 68 1 1 0 1 1
360122 360122 1 1 4.000 5002 1.250 -31.000 11.750 -31.000 0.000 0.000 8 68 1 1 0 1 1
360150 360150 1 1 1.000 5002 1.250 -32.000 11.750 -32.000 0.000 0.000 8 68 1 2 0 1 1
360151 360151 1 1 2.000 5002 1.250 -31.000 11.750 -31.000 0.000 0.000 8 68 1 2 0 1 1
360152 360152 1 1 4.000 5002 1.250 -31.000 11.750 -31.000 0.000 0.000 8 68 1 2 0 1 1
360182 360182 2 1 4.000 5003 5.300 -48.000 0.000 0.000 0.000 0.000 12 69 1 1 0 1 1
360183 360183 2 1 8.000 5003 5.300 -44.000 0.000 0.000 0.000 0.000 12 69 1 1 0 1 1
360184 360184 2 1 12.000 5003 5.300 -40.000 0.000 0.000 0.000 0.000 12 69 1 1 0 1 1
360212 360212 2 1 4.000 5003 5.300 -48.000 0.000 0.000 0.000 0.000 12 69 1 2 0 1 1
360213 360213 2 1 8.000 5003 5.300 -44.000 0.000 0.000 0.000 0.000 12 69 1 2 0 1 1
360214 360214 2 1 12.000 5003 5.300 -40.000 0.000 0.000 0.000 0.000 12 69 1 2 0 1 1
360242 360242 2 1 4.000 5004 7.300 -48.000 0.000 0.000 0.000 0.000 16 70 1 1 0 1 1
360243 360243 2 1 8.000 5004 7.300 -44.000 0.000 0.000 0.000 0.000 16 70 1 1 0 1 1
360244 360244 2 1 12.000 5004 7.300 -40.000 0.000 0.000 0.000 0.000 16 70 1 1 0 1 1
360245 360245 2 1 16.000 5004 7.300 -40.000 0.000 0.000 0.000 0.000 16 70 1 1 0 1 1
360272 360272 2 1 4.000 5004 7.300 -48.000 0.000 0.000 0.000 0.000 16 70 1 2 0 1 1
360273 360273 2 1 8.000 5004 7.300 -44.000 0.000 0.000 0.000 0.000 16 70 1 2 0 1 1
360274 360274 2 1 12.000 5004 7.300 -40.000 0.000 0.000 0.000 0.000 16 70 1 2 0 1 1
360275 360275 2 1 16.000 5004 7.300 -40.000 0.000 0.000 0.000 0.000 16 70 1 2 0 1 1
360302 360302 3 1 4.000 5005 11.300 -48.000 0.000 0.000 0.000 0.000 24 71 1 1 0 1 1
360303 360303 3 1 8.000 5005 11.300 -44.000 0.000 0.000 0.000 0.000 24 71 1 1 0 1 1
360304 360304 3 1 12.000 5005 11.300 -40.000 0.000 0.000 0.000 0.000 24 71 1 1 0 1 1
360305 360305 3 1 16.000 5005 11.300 -40.000 0.000 0.000 0.000 0.000 24 71 1 1 0 1 1
360306 360306 3 1 20.000 5005 11.300 -36.000 0.000 0.000 0.000 0.000 24 71 1 1 0 1 1
360307 360307 3 1 24.000 5005 11.300 -36.000 0.000 0.000 0.000 0.000 24 71 1 1 0 1 1
360332 360332 4 1 4.000 5006 14.000 -48.000 0.000 0.000 0.000 0.000 32 72 1 1 0 1 1
360333 360333 4 1 8.000 5006 14.000 -44.000 0.000 0.000 0.000 0.000 32 72 1 1 0 1 1
360334 360334 4 1 12.000 5006 14.000 -40.000 0.000 0.000 0.000 0.000 32 72 1 1 0 1 1
360335 360335 4 1 16.000 5006 14.000 -40.000 0.000 0.000 0.000 0.000 32 72 1 1 0 1 1
360336 360336 4 1 20.000 5006 14.000 -36.000 0.000 0.000 0.000 0.000 32 72 1 1 0 1 1
360337 360337 4 1 24.000 5006 14.000 -36.000 0.000 0.000 0.000 0.000 32 72 1 1 0 1 1
360338 360338 4 1 28.000 5006 14.000 -32.000 0.000 0.000 0.000 0.000 32 72 1 1 0 1 1
360339 360339 4 1 32.000 5006 14.000 -32.000 0.000 0.000 0.000 0.000 32 72 1 1 0 1 1
360362 360362 5 1 4.000 5007 20.000 -48.000 0.000 0.000 0.000 0.000 44 73 1 1 0 1 1
360363 360363 5 1 8.000 5007 20.000 -48.000 0.000 0.000 0.000 0.000 44 73 1 1 0 1 1
360364 360364 5 1 12.000 5007 20.000 -44.000 0.000 0.000 0.000 0.000 44 73 1 1 0 1 1
360365 360365 5 1 16.000 5007 20.000 -44.000 0.000 0.000 0.000 0.000 44 73 1 1 0 1 1
360366 360366 5 1 20.000 5007 20.000 -40.000 0.000 0.000 0.000 0.000 44 73 1 1 0 1 1
360367 360367 5 1 24.000 5007 20.000 -40.000 0.000 0.000 0.000 0.000 44 73 1 1 0 1 1
360368 360368 5 1 28.000 5007 20.000 -36.000 0.000 0.000 0.000 0.000 44 73 1 1 0 1 1
360369 360369 5 1 32.000 5007 20.000 -36.000 0.000 0.000 0.000 0.000 44 73 1 1 0 1 1
360370 360370 5 1 36.000 5007 20.000 -44.000 0.000 0.000 0.000 0.000 44 73 1 1 0 1 1
360371 360371 5 1 40.000 5007 20.000 -44.000 0.000 0.000 0.000 0.000 44 73 1 1 0 1 1
360372 360372 5 1 44.000 5007 20.000 -40.000 0.000 0.000 0.000 0.000 44 73 1 1 0 1 1
360392 360392 6 1 4.000 5008 26.000 -48.000 0.000 0.000 0.000 0.000 56 74 1 1 0 1 1
360393 360393 6 1 8.000 5008 26.000 -48.000 0.000 0.000 0.000 0.000 56 74 1 1 0 1 1
360394 360394 6 1 12.000 5008 26.000 -44.000 0.000 0.000 0.000 0.000 56 74 1 1 0 1 1
360395 360395 6 1 16.000 5008 26.000 -44.000 0.000 0.000 0.000 0.000 56 74 1 1 0 1 1
360396 360396 6 1 20.000 5008 26.000 -40.000 0.000 0.000 0.000 0.000 56 74 1 1 0 1 1
360397 360397 6 1 24.000 5008 26.000 -40.000 0.000 0.000 0.000 0.000 56 74 1 1 0 1 1
360398 360398 6 1 28.000 5008 26.000 -36.000 0.000 0.000 0.000 0.000 56 74 1 1 0 1 1
360399 360399 6 1 32.000 5008 26.000 -36.000 0.000 0.000 0.000 0.000 56 74 1 1 0 1 1
360400 360400 6 1 36.000 5008 26.000 -44.000 0.000 0.000 0.000 0.000 56 74 1 1 0 1 1
360401 360401 6 1 40.000 5008 26.000 -44.000 0.000 0.000 0.000 0.000 56 74 1 1 0 1 1
360402 360402 6 1 44.000 5008 26.000 -40.000 0.000 0.000 0.000 0.000 56 74 1 1 0 1 1
360403 360403 6 1 48.000 5008 26.000 -40.000 0.000 0.000 0.000 0.000 56 74 1 1 0 1 1
360404 360404 6 1 52.000 5008 26.000 -36.000 0.000 0.000 0.000 0.000 56 74 1 1 0 1 1
360405 360405 6 1 56.000 5008 26.000 -36.000 0.000 0.000 0.000 0.000 56 74 1 1 0 1 1
360422 360422 8 1 4.000 5009 34.000 -48.000 0.000 0.000 0.000 0.000 72 75 1 1 0 1 1
360423 360423 8 1 8.000 5009 34.000 -48.000 0.000 0.000 0.000 0.000 72 75 1 1 0 1 1
360424 360424 8 1 12.000 5009 34.000 -44.000 0.000 0.000 0.000 0.000 72 75 1 1 0 1 1
360425 360425 8 1 16.000 5009 34.000 -44.000 0.000 0.000 0.000 0.000 72 75 1 1 0 1 1
360426 360426 8 1 20.000 5009 34.000 -40.000 0.000 0.000 0.000 0.000 72 75 1 1 0 1 1
360427 360427 8 1 24.000 5009 34.000 -40.000 0.000 0.000 0.000 0.000 72 75 1 1 0 1 1
360428 360428 8 1 28.000 5009 34.000 -36.000 0.000 0.000 0.000 0.000 72 75 1 1 0 1 1
360429 360429 8 1 32.000 5009 34.000 -36.000 0.000 0.000 0.000 0.000 72 75 1 1 0 1 1
360430 360430 8 1 36.000 5009 34.000 -44.000 0.000 0.000 0.000 0.000 72 75 1 1 0 1 1
360431 360431 8 1 40.000 5009 34.000 -44.000 0.000 0.000 0.000 0.000 72 75 1 1 0 1 1
360432 360432 8 1 44.000 5009 34.000 -40.000 0.000 0.000 0.000 0.000 72 75 1 1 0 1 1
360433 360433 8 1 48.000 5009 34.000 -40.000 0.000 0.000 0.000 0.000 72 75 1 1 0 1 1
360434 360434 8 1 52.000 5009 34.000 -36.000 0.000 0.000 0.000 0.000 72 75 1 1 0 1 1
360435 360435 8 1 56.000 5009 34.000 -36.000 0.000 0.000 0.000 0.000 72 75 1 1 0 1 1
360452 360452 9 1 4.000 5010 42.000 -48.000 0.000 0.000 0.000 0.000 88 76 4 1 0 1 1
360453 360453 9 1 8.000 5010 42.000 -48.000 0.000 0.000 0.000 0.000 88 76 4 1 0 1 1
360454 360454 9 1 12.000 5010 42.000 -44.000 0.000 0.000 0.000 0.000 88 76 4 1 0 1 1
360455 360455 9 1 16.000 5010 42.000 -44.000 0.000 0.000 0.000 0.000 88 76 4 1 0 1 1
360456 360456 9 1 20.000 5010 42.000 -40.000 0.000 0.000 0.000 0.000 88 76 4 1 0 1 1
360457 360457 9 1 24.000 5010 42.000 -40.000 0.000 0.000 0.000 0.000 88 76 4 1 0 1 1
360458 360458 9 1 28.000 5010 42.000 -36.000 0.000 0.000 0.000 0.000 88 76 4 1 0 1 1
360459 360459 9 1 32.000 5010 42.000 -36.000 0.000 0.000 0.000 0.000 88 76 4 1 0 1 1
360460 360460 9 1 36.000 5010 42.000 -44.000 0.000 0.000 0.000 0.000 88 76 4 1 0 1 1
360461 360461 9 1 40.000 5010 42.000 -44.000 0.000 0.000 0.000 0.000 88 76 4 1 0 1 1
360462 360462 9 1 44.000 5010 42.000 -40.000 0.000 0.000 0.000 0.000 88 76 4 1 0 1 1
360463 360463 9 1 48.000 5010 42.000 -40.000 0.000 0.000 0.000 0.000 88 76 4 1 0 1 1
360464 360464 9 1 52.000 5010 42.000 -36.000 0.000 0.000 0.000 0.000 88 76 4 1 0 1 1
360465 360465 9 1 56.000 5010 42.000 -36.000 0.000 0.000 0.000 0.000 88 76 4 1 0 1 1
360482 360482 11 1 4.000 5011 50.000 -48.000 0.000 0.000 0.000 0.000 104 77 4 1 0 1 1
360483 360483 11 1 8.000 5011 50.000 -48.000 0.000 0.000 0.000 0.000 104 77 4 1 0 1 1
360484 360484 11 1 12.000 5011 50.000 -44.000 0.000 0.000 0.000 0.000 104 77 4 1 0 1 1
360485 360485 11 1 16.000 5011 50.000 -44.000 0.000 0.000 0.000 0.000 104 77 4 1 0 1 1
360486 360486 11 1 20.000 5011 50.000 -40.000 0.000 0.000 0.000 0.000 104 77 4 1 0 1 1
360487 360487 11 1 24.000 5011 50.000 -40.000 0.000 0.000 0.000 0.000 104 77 4 1 0 1 1
360488 360488 11 1 28.000 5011 50.000 -36.000 0.000 0.000 0.000 0.000 104 77 4 1 0 1 1
360489 360489 11 1 32.000 5011 50.000 -36.000 0.000 0.000 0.000 0.000 104 77 4 1 0 1 1
360490 360490 11 1 36.000 5011 50.000 -44.000 0.000 0.000 0.000 0.000 104 77 4 1 0 1 1
360491 360491 11 1 40.000 5011 50.000 -44.000 0.000 0.000 0.000 0.000 104 77 4 1 0 1 1
360492 360492 11 1 44.000 5011 50.000 -40.000 0.000 0.000 0.000 0.000 104 77 4 1 0 1 1
360493 360493 11 1 48.000 5011 50.000 -40.000 0.000 0.000 0.000 0.000 104 77 4 1 0 1 1
360494 360494 11 1 52.000 5011 50.000 -36.000 0.000 0.000 0.000 0.000 104 77 4 1 0 1 1
360495 360495 11 1 56.000 5011 50.000 -36.000 0.000 0.000 0.000 0.000 104 77 4 1 0 1 1
360512 360512 13 1 4.000 5012 58.000 -48.000 0.000 0.000 0.000 0.000 120 78 4 1 0 1 1
360513 360513 13 1 8.000 5012 58.000 -48.000 0.000 0.000 0.000 0.000 120 78 4 1 0 1 1
360514 360514 13 1 12.000 5012 58.000 -44.000 0.000 0.000 0.000 0.000 120 78 4 1 0 1 1
360515 360515 13 1 16.000 5012 58.000 -44.000 0.000 0.000 0.000 0.000 120 78 4 1 0 1 1
360516 360516 13 1 20.000 5012 58.000 -40.000 0.000 0.000 0.000 0.000 120 78 4 1 0 1 1
360517 360517 13 1 24.000 5012 58.000 -40.000 0.000 0.000 0.000 0.000 120 78 4 1 0 1 1
360518 360518 13 1 28.000 5012 58.000 -36.000 0.000 0.000 0.000 0.000 120 78 4 1 0 1 1
360519 360519 13 1 32.000 5012 58.000 -36.000 0.000 0.000 0.000 0.000 120 78 4 1 0 1 1
360520 360520 13 1 36.000 5012 58.000 -32.000 0.000 0.000 0.000 0.000 120 78 4 1 0 1 1
360521 360521 13 1 40.000 5012 58.000 -32.000 0.000 0.000 0.000 0.000 120 78 4 1 0 1 1
360522 360522 13 1 44.000 5012 58.000 -28.000 0.000 0.000 0.000 0.000 120 78 4 1 0 1 1
360523 360523 13 1 48.000 5012 58.000 -40.000 0.000 0.000 0.000 0.000 120 78 4 1 0 1 1
360524 360524 13 1 52.000 5012 58.000 -36.000 0.000 0.000 0.000 0.000 120 78 4 1 0 1 1
360525 360525 13 1 56.000 5012 58.000 -36.000 0.000 0.000 0.000 0.000 120 78 4 1 0 1 1
361000 361000 1 1 1.000 5021 1.250 -31.000 11.750 -31.000 0.000 0.000 4 79 1 1 0 1 1
361030 361030 1 1 1.000 5021 1.250 -31.000 11.750 -31.000 0.000 0.000 4 79 1 2 0 1 1
361060 361060 1 1 1.000 5022 1.250 -32.000 11.750 -32.000 0.000 0.000 8 80 0 1 0 1 1
361061 361061 1 1 2.000 5022 1.250 -31.000 11.750 -31.000 0.000 0.000 8 80 0 1 0 1 1
361062 361062 1 1 4.000 5022 1.250 -31.000 11.750 -31.000 0.000 0.000 8 80 0 1 0 1 1
361090 361090 1 1 1.000 5022 1.250 -32.000 11.750 -32.000 0.000 0.000 8 80 0 2 0 1 1
361091 361091 1 1 2.000 5022 1.250 -31.000 11.750 -31.000 0.000 0.000 8 80 0 2 0 1 1
361092 361092 1 1 4.000 5022 1.250 -31.000 11.750 -31.000 0.000 0.000 8 80 0 2 0 1 1
361120 361120 1 1 1.000 5022 1.250 -32.000 11.750 -32.000 0.000 0.000 8 80 1 1 0 1 1
361121 361121 1 1 2.000 5022 1.250 -31.000 11.750 -31.000 0.000 0.000 8 80 1 1 0 1 1
361122 361122 1 1 4.000 5022 1.250 -31.000 11.750 -31.000 0.000 0.000 8 80 1 1 0 1 1
361150 361150 1 1 1.000 5022 1.250 -32.000 11.750 -32.000 0.000 0.000 8 80 1 2 0 1 1
361151 361151 1 1 2.000 5022 1.250 -31.000 11.750 -31.000 0.000 0.000 8 80 1 2 0 1 1
361152 361152 1 1 4.000 5022 1.250 -31.000 11.750 -31.000 0.000 0.000 8 80 1 2 0 1 1
361182 361182 2 1 4.000 5023 5.300 -48.000 0.000 0.000 0.000 0.000 12 81 1 1 0 1 1
361183 361183 2 1 8.000 5023 5.300 -44.000 0.000 0.000 0.000 0.000 12 81 1 1 0 1 1
361184 361184 2 1 12.000 5023 5.300 -40.000 0.000 0.000 0.000 0.000 12 81 1 1 0 1 1
361212 361212 2 1 4.000 5023 5.300 -48.000 0.000 0.000 0.000 0.000 12 81 1 2 0 1 1
361213 361213 2 1 8.000 5023 5.300 -44.000 0.000 0.000 0.000 0.000 12 81 1 2 0 1 1
361214 361214 2 1 12.000 5023 5.300 -40.000 0.000 0.000 0.000 0.000 12 81 1 2 0 1 1
361242 361242 2 1 4.000 5024 7.300 -48.000 0.000 0.000 0.000 0.000 16 82 1 1 0 1 1
361243 361243 2 1 8.000 5024 7.300 -44.000 0.000 0.000 0.000 0.000 16 82 1 1 0 1 1
361244 361244 2 1 12.000 5024 7.300 -40.000 0.000 0.000 0.000 0.000 16 82 1 1 0 1 1
361245 361245 2 1 16.000 5024 7.300 -40.000 0.000 0.000 0.000 0.000 16 82 1 1 0 1 1
361272 361272 2 1 4.000 5024 7.300 -48.000 0.000 0.000 0.000 0.000 16 82 1 2 0 1 1
361273 361273 2 1 8.000 5024 7.300 -44.000 0.000 0.000 0.000 0.000 16 82 1 2 0 1 1
361274 361274 2 1 12.000 5024 7.300 -40.000 0.000 0.000 0.000 0.000 16 82 1 2 0 1 1
361275 361275 2 1 16.000 5024 7.300 -40.000 0.000 0.000 0.000 0.000 16 82 1 2 0 1 1
361302 361302 3 1 4.000 5025 11.300 -48.000 0.000 0.000 0.000 0.000 24 83 1 1 0 1 1
361303 361303 3 1 8.000 5025 11.300 -44.000 0.000 0.000 0.000 0.000 24 83 1 1 0 1 1
361304 361304 3 1 12.000 5025 11.300 -40.000 0.000 0.000 0.000 0.000 24 83 1 1 0 1 1
361305 361305 3 1 16.000 5025 11.300 -40.000 0.000 0.000 0.000 0.000 24 83 1 1 0 1 1
361306 361306 3 1 20.000 5025 11.300 -36.000 0.000 0.000 0.000 0.000 24 83 1 1 0 1 1
361307 361307 3 1 24.000 5025 11.300 -36.000 0.000 0.000 0.000 0.000 24 83 1 1 0 1 1
361332 361332 4 1 4.000 5026 14.000 -48.000 0.000 0.000 0.000 0.000 32 84 1 1 0 1 1
361333 361333 4 1 8.000 5026 14.000 -44.000 0.000 0.000 0.000 0.000 32 84 1 1 0 1 1
361334 361334 4 1 12.000 5026 14.000 -40.000 0.000 0.000 0.000 0.000 32 84 1 1 0 1 1
361335 361335 4 1 16.000 5026 14.000 -40.000 0.000 0.000 0.000 0.000 32 84 1 1 0 1 1
361336 361336 4 1 20.000 5026 14.000 -36.000 0.000 0.000 0.000 0.000 32 84 1 1 0 1 1
361337 361337 4 1 24.000 5026 14.000 -36.000 0.000 0.000 0.000 0.000 32 84 1 1 0 1 1
361338 361338 4 1 28.000 5026 14.000 -32.000 0.000 0.000 0.000 0.000 32 84 1 1 0 1 1
361339 361339 4 1 32.000 5026 14.000 -32.000 0.000 0.000 0.000 0.000 32 84 1 1 0 1 1
361362 361362 5 1 4.000 5027 20.000 -48.000 0.000 0.000 0.000 0.000 44 85 1 1 0 1 1
361363 361363 5 1 8.000 5027 20.000 -48.000 0.000 0.000 0.000 0.000 44 85 1 1 0 1 1
361364 361364 5 1 12.000 5027 20.000 -44.000 0.000 0.000 0.000 0.000 44 85 1 1 0 1 1
361365 361365 5 1 16.000 5027 20.000 -44.000 0.000 0.000 0.000 0.000 44 85 1 1 0 1 1
361366 361366 5 1 20.000 5027 20.000 -40.000 0.000 0.000 0.000 0.000 44 85 1 1 0 1 1
361367 361367 5 1 24.000 5027 20.000 -40.000 0.000 0.000 0.000 0.000 44 85 1 1 0 1 1
361368 361368 5 1 28.000 5027 20.000 -36.000 0.000 0.000 0.000 0.000 44 85 1 1 0 1 1
361369 361369 5 1 32.000 5027 20.000 -36.000 0.000 0.000 0.000 0.000 44 85 1 1 0 1 1
361370 361370 5 1 36.000 5027 20.000 -44.000 0.000 0.000 0.000 0.000 44 85 1 1 0 1 1
361371 361371 5 1 40.000 5027 20.000 -44.000 0.000 0.000 0.000 0.000 44 85 1 1 0 1 1
361372 361372 5 1 44.000 5027 20.000 -40.000 0.000 0.000 0.000 0.000 44 85 1 1 0 1 1
361392 361392 6 1 4.000 5028 26.000 -48.000 0.000 0.000 0.000 0.000 56 86 1 1 0 1 1
361393 361393 6 1 8.000 5028 26.000 -48.000 0.000 0.000 0.000 0.000 56 86 1 1 0 1 1
361394 361394 6 1 12.000 5028 26.000 -44.000 0.000 0.000 0.000 0.000 56 86 1 1 0 1 1
361395 361395 6 1 16.000 5028 26.000 -44.000 0.000 0.000 0.000 0.000 56 86 1 1 0 1 1
361396 361396 6 1 20.000 5028 26.000 -40.000 0.000 0.000 0.000 0.000 56 86 1 1 0 1 1
361397 361397 6 1 24.000 5028 26.000 -40.000 0.000 0.000 0.000 0.000 56 86 1 1 0 1 1
361398 361398 6 1 28.000 5028 26.000 -36.000 0.000 0.000 0.000 0.000 56 86 1 1 0 1 1
361399 361399 6 1 32.000 5028 26.000 -36.000 0.000 0.000 0.000 0.000 56 86 1 1 0 1 1
361400 361400 6 1 36.000 5028 26.000 -44.000 0.000 0.000 0.000 0.000 56 86 1 1 0 1 1
361401 361401 6 1 40.000 5028 26.000 -44.000 0.000 0.000 0.000 0.000 56 86 1 1 0 1 1
361402 361402 6 1 44.000 5028 26.000 -40.000 0.000 0.000 0.000 0.000 56 86 1 1 0 1 1
361403 361403 6 1 48.000 5028 26.000 -40.000 0.000 0.000 0.000 0.000 56 86 1 1 0 1 1
361404 361404 6 1 52.000 5028 26.000 -36.000 0.000 0.000 0.000 0.000 56 86 1 1 0 1 1
361405 361405 6 1 56.000 5028 26.000 -36.000 0.000 0.000 0.000 0.000 56 86 1 1 0 1 1
361422 361422 8 1 4.000 5029 34.000 -48.000 0.000 0.000 0.000 0.000 72 87 1 1 0 1 1
361423 361423 8 1 8.000 5029 34.000 -48.000 0.000 0.000 0.000 0.000 72 87 1 1 0 1 1
361424 361424 8 1 12.000 5029 34.000 -44.000 0.000 0.000 0.000 0.000 72 87 1 1 0 1 1
361425 361425 8 1 16.000 5029 34.000 -44.000 0.000 0.000 0.000 0.000 72 87 1 1 0 1 1
361426 361426 8 1 20.000 5029 34.000 -40.000 0.000 0.000 0.000 0.000 72 87 1 1 0 1 1
361427 361427 8 1 24.000 5029 34.000 -40.000 0.000 0.000 0.000 0.000 72 87 1 1 0 1 1
361428 361428 8 1 28.000 5029 34.000 -36.000 0.000 0.000 0.000 0.000 72 87 1 1 0 1 1
361429 361429 8 1 32.000 5029 34.000 -36.000 0.000 0.000 0.000 0.000 72 87 1 1 0 1 1
361430 361430 8 1 36.000 5029 34.000 -44.000 0.000 0.000 0.000 0.000 72 87 1 1 0 1 1
361431 361431 8 1 40.000 5029 34.000 -44.000 0.000 0.000 0.000 0.000 72 87 1 1 0 1 1
361432 361432 8 1 44.000 5029 34.000 -40.000 0.000 0.000 0.000 0.000 72 87 1 1 0 1 1
361433 361433 8 1 48.000 5029 34.000 -40.000 0.000 0.000 0.000 0.000 72 87 1 1 0 1 1
361434 361434 8 1 52.000 5029 34.000 -36.000 0.000 0.000 0.000 0.000 72 87 1 1 0 1 1
361435 361435 8 1 56.000 5029 34.000 -36.000 0.000 0.000 0.000 0.000 72 87 1 1 0 1 1
361452 361452 9 1 4.000 5030 42.000 -48.000 0.000 0.000 0.000 0.000 88 88 4 1 0 1 1
361453 361453 9 1 8.000 5030 42.000 -48.000 0.000 0.000 0.000 0.000 88 88 4 1 0 1 1
361454 361454 9 1 12.000 5030 42.000 -44.000 0.000 0.000 0.000 0.000 88 88 4 1 0 1 1
361455 361455 9 1 16.000 5030 42.000 -44.000 0.000 0.000 0.000 0.000 88 88 4 1 0 1 1
361456 361456 9 1 20.000 5030 42.000 -40.000 0.000 0.000 0.000 0.000 88 88 4 1 0 1 1
361457 361457 9 1 24.000 5030 42.000 -40.000 0.000 0.000 0.000 0.000 88 88 4 1 0 1 1
361458 361458 9 1 28.000 5030 42.000 -36.000 0.000 0.000 0.000 0.000 88 88 4 1 0 1 1
361459 361459 9 1 32.000 5030 42.000 -36.000 0.000 0.000 0.000 0.000 88 88 4 1 0 1 1
361460 361460 9 1 36.000 5030 42.000 -44.000 0.000 0.000 0.000 0.000 88 88 4 1 0 1 1
361461 361461 9 1 40.000 5030 42.000 -44.000 0.000 0.000 0.000 0.000 88 88 4 1 0 1 1
361462 361462 9 1 44.000 5030 42.000 -40.000 0.000 0.000 0.000 0.000 88 88 4 1 0 1 1
361463 361463 9 1 48.000 5030 42.000 -40.000 0.000 0.000 0.000 0.000 88 88 4 1 0 1 1
361464 361464 9 1 52.000 5030 42.000 -36.000 0.000 0.000 0.000 0.000 88 88 4 1 0 1 1
361465 361465 9 1 56.000 5030 42.000 -36.000 0.000 0.000 0.000 0.000 88 88 4 1 0 1 1
361482 361482 11 1 4.000 5031 50.000 -48.000 0.000 0.000 0.000 0.000 104 89 4 1 0 1 1
361483 361483 11 1 8.000 5031 50.000 -48.000 0.000 0.000 0.000 0.000 104 89 4 1 0 1 1
361484 361484 11 1 12.000 5031 50.000 -44.000 0.000 0.000 0.000 0.000 104 89 4 1 0 1 1
361485 361485 11 1 16.000 5031 50.000 -44.000 0.000 0.000 0.000 0.000 104 89 4 1 0 1 1
361486 361486 11 1 20.000 5031 50.000 -40.000 0.000 0.000 0.000 0.000 104 89 4 1 0 1 1
361487 361487 11 1 24.000 5031 50.000 -40.000 0.000 0.000 0.000 0.000 104 89 4 1 0 1 1
361488 361488 11 1 28.000 5031 50.000 -36.000 0.000 0.000 0.000 0.000 104 89 4 1 0 1 1
361489 361489 11 1 32.000 5031 50.000 -36.000 0.000 0.000 0.000 0.000 104 89 4 1 0 1 1
361490 361490 11 1 36.000 5031 50.000 -44.000 0.000 0.000 0.000 0.000 104 89 4 1 0 1 1
361491 361491 11 1 40.000 5031 50.000 -44.000 0.000 0.000 0.000 0.000 104 89 4 1 0 1 1
361492 361492 11 1 44.000 5031 50.000 -40.000 0.000 0.000 0.000 0.000 104 89 4 1 0 1 1
361493 361493 11 1 48.000 5031 50.000 -40.000 0.000 0.000 0.000 0.000 104 89 4 1 0 1 1
361494 361494 11 1 52.000 5031 50.000 -36.000 0.000 0.000 0.000 0.000 104 89 4 1 0 1 1
361495 361495 11 1 56.000 5031 50.000 -36.000 0.000 0.000 0.000 0.000 104 89 4 1 0 1 1
361512 361512 13 1 4.000 5032 58.000 -48.000 0.000 0.000 0.000 0.000 120 90 4 1 0 1 1
361513 361513 13 1 8.000 5032 58.000 -48.000 0.000 0.000 0.000 0.000 120 90 4 1 0 1 1
361514 361514 13 1 12.000 5032 58.000 -44.000 0.000 0.000 0.000 0.000 120 90 4 1 0 1 1
361515 361515 13 1 16.000 5032 58.000 -44.000 0.000 0.000 0.000 0.000 120 90 4 1 0 1 1
361516 361516 13 1 20.000 5032 58.000 -40.000 0.000 0.000 0.000 0.000 120 90 4 1 0 1 1
361517 361517 13 1 24.000 5032 58.000 -40.000 0.000 0.000 0.000 0.000 120 90 4 1 0 1 1
361518 361518 13 1 28.000 5032 58.000 -36.000 0.000 0.000 0.000 0.000 120 90 4 1 0 1 1
361519 361519 13 1 32.000 5032 58.000 -36.000 0.000 0.000 0.000 0.000 120 90 4 1 0 1 1
361520 361520 13 1 36.000 5032 58.000 -32.000 0.000 0.000 0.000 0.000 120 90 4 1 0 1 1
361521 361521 13 1 40.000 5032 58.000 -32.000 0.000 0.000 0.000 0.000 120 90 4 1 0 1 1
361522 361522 13 1 44.000 5032 58.000 -28.000 0.000 0.000 0.000 0.000 120 90 4 1 0 1 1
361523 361523 13 1 48.000 5032 58.000 -40.000 0.000 0.000 0.000 0.000 120 90 4 1 0 1 1
361524 361524 13 1 52.000 5032 58.000 -36.000 0.000 0.000 0.000 0.000 120 90 4 1 0 1 1
361525 361525 13 1 56.000 5032 58.000 -36.000 0.000 0.000 0.000 0.000 120 90 4 1 0 1 1

[FixedFeeder]
IDNUM Group PU FeederA FeederB FeederC FeederD FeederE FeederF FeederG FeederH FeederI FeederJ PartsA PartsB PartsC PartsD PartsE PartsF PartsG PartsH PartsI PartsJ
1 0 10001 -1 -1 -1 -1 -1 -1 -1 -1 -1 -1 0 0 0 0 0 0 0 0 0 0
2 0 10002 -1 -1 -1 -1 -1 -1 -1 -1 -1 -1 0 0 0 0 0 0 0 0 0 0
3 0 10003 -1 -1 -1 -1 -1 -1 -1 -1 -1 -1 0 0 0 0 0 0 0 0 0 0
4 0 10004 -1 -1 -1 -1 -1 -1 -1 -1 -1 -1 0 0 0 0 0 0 0 0 0 0
5 0 10005 -1 -1 -1 -1 -1 -1 -1 -1 -1 -1 0 0 0 0 0 0 0 0 0 0
6 0 10006 -1 -1 -1 -1 -1 -1 -1 -1 -1 -1 0 0 0 0 0 0 0 0 0 0
7 0 10007 -1 -1 -1 -1 -1 -1 -1 -1 -1 -1 0 0 0 0 0 0 0 0 0 0
8 0 10008 -1 -1 -1 -1 -1 -1 -1 -1 -1 -1 0 0 0 0 0 0 0 0 0 0
9 0 10009 -1 -1 -1 -1 -1 -1 -1 -1 -1 -1 0 0 0 0 0 0 0 0 0 0
10 0 10010 -1 -1 -1 -1 -1 -1 -1 -1 -1 -1 0 0 0 0 0 0 0 0 0 0
11 0 10011 -1 -1 -1 -1 -1 -1 -1 -1 -1 -1 0 0 0 0 0 0 0 0 0 0
12 0 10012 -1 -1 -1 -1 -1 -1 -1 -1 -1 -1 0 0 0 0 0 0 0 0 0 0
13 0 10013 -1 -1 -1 -1 -1 -1 -1 -1 -1 -1 0 0 0 0 0 0 0 0 0 0
14 0 10014 -1 -1 -1 -1 -1 -1 -1 -1 -1 -1 0 0 0 0 0 0 0 0 0 0
15 0 10015 -1 -1 -1 -1 -1 -1 -1 -1 -1 -1 0 0 0 0 0 0 0 0 0 0
16 0 10016 -1 -1 -1 -1 -1 -1 -1 -1 -1 -1 0 0 0 0 0 0 0 0 0 0
17 0 10017 -1 -1 -1 -1 -1 -1 -1 -1 -1 -1 0 0 0 0 0 0 0 0 0 0
18 0 20001 -1 -1 -1 -1 -1 -1 -1 -1 -1 -1 0 0 0 0 0 0 0 0 0 0
19 0 20002 -1 -1 -1 -1 -1 -1 -1 -1 -1 -1 0 0 0 0 0 0 0 0 0 0
20 0 20003 -1 -1 -1 -1 -1 -1 -1 -1 -1 -1 0 0 0 0 0 0 0 0 0 0
21 0 20004 -1 -1 -1 -1 -1 -1 -1 -1 -1 -1 0 0 0 0 0 0 0 0 0 0
22 0 20005 -1 -1 -1 -1 -1 -1 -1 -1 -1 -1 0 0 0 0 0 0 0 0 0 0
23 0 20006 -1 -1 -1 -1 -1 -1 -1 -1 -1 -1 0 0 0 0 0 0 0 0 0 0
24 0 20007 -1 -1 -1 -1 -1 -1 -1 -1 -1 -1 0 0 0 0 0 0 0 0 0 0
25 0 20008 -1 -1 -1 -1 -1 -1 -1 -1 -1 -1 0 0 0 0 0 0 0 0 0 0
26 0 20009 -1 -1 -1 -1 -1 -1 -1 -1 -1 -1 0 0 0 0 0 0 0 0 0 0
27 0 20010 -1 -1 -1 -1 -1 -1 -1 -1 -1 -1 0 0 0 0 0 0 0 0 0 0
28 0 20011 -1 -1 -1 -1 -1 -1 -1 -1 -1 -1 0 0 0 0 0 0 0 0 0 0
29 0 20012 -1 -1 -1 -1 -1 -1 -1 -1 -1 -1 0 0 0 0 0 0 0 0 0 0
30 0 20013 -1 -1 -1 -1 -1 -1 -1 -1 -1 -1 0 0 0 0 0 0 0 0 0 0
31 0 20014 -1 -1 -1 -1 -1 -1 -1 -1 -1 -1 0 0 0 0 0 0 0 0 0 0
32 0 20015 -1 -1 -1 -1 -1 -1 -1 -1 -1 -1 0 0 0 0 0 0 0 0 0 0
33 0 20016 -1 -1 -1 -1 -1 -1 -1 -1 -1 -1 0 0 0 0 0 0 0 0 0 0
34 0 20017 -1 -1 -1 -1 -1 -1 -1 -1 -1 -1 0 0 0 0 0 0 0 0 0 0
35 0 30001 -1 -1 -1 -1 -1 -1 -1 -1 -1 -1 0 0 0 0 0 0 0 0 0 0
36 0 30002 -1 -1 -1 -1 -1 -1 -1 -1 -1 -1 0 0 0 0 0 0 0 0 0 0
37 0 30003 -1 -1 -1 -1 -1 -1 -1 -1 -1 -1 0 0 0 0 0 0 0 0 0 0
38 0 30004 -1 -1 -1 -1 -1 -1 -1 -1 -1 -1 0 0 0 0 0 0 0 0 0 0
39 0 30005 -1 -1 -1 -1 -1 -1 -1 -1 -1 -1 0 0 0 0 0 0 0 0 0 0
40 0 30006 -1 -1 -1 -1 -1 -1 -1 -1 -1 -1 0 0 0 0 0 0 0 0 0 0
41 0 30007 -1 -1 -1 -1 -1 -1 -1 -1 -1 -1 0 0 0 0 0 0 0 0 0 0
42 0 30008 -1 -1 -1 -1 -1 -1 -1 -1 -1 -1 0 0 0 0 0 0 0 0 0 0
43 0 30009 -1 -1 -1 -1 -1 -1 -1 -1 -1 -1 0 0 0 0 0 0 0 0 0 0
44 0 30010 -1 -1 -1 -1 -1 -1 -1 -1 -1 -1 0 0 0 0 0 0 0 0 0 0
45 0 30011 -1 -1 -1 -1 -1 -1 -1 -1 -1 -1 0 0 0 0 0 0 0 0 0 0
46 0 30012 -1 -1 -1 -1 -1 -1 -1 -1 -1 -1 0 0 0 0 0 0 0 0 0 0
47 0 30013 -1 -1 -1 -1 -1 -1 -1 -1 -1 -1 0 0 0 0 0 0 0 0 0 0
48 0 30014 -1 -1 -1 -1 -1 -1 -1 -1 -1 -1 0 0 0 0 0 0 0 0 0 0
49 0 30015 -1 -1 -1 -1 -1 -1 -1 -1 -1 -1 0 0 0 0 0 0 0 0 0 0
50 0 30016 -1 -1 -1 -1 -1 -1 -1 -1 -1 -1 0 0 0 0 0 0 0 0 0 0
51 0 30017 -1 -1 -1 -1 -1 -1 -1 -1 -1 -1 0 0 0 0 0 0 0 0 0 0
52 0 40001 -1 -1 -1 -1 -1 -1 -1 -1 -1 -1 0 0 0 0 0 0 0 0 0 0
53 0 40002 -1 -1 -1 -1 -1 -1 -1 -1 -1 -1 0 0 0 0 0 0 0 0 0 0
54 0 40003 -1 -1 -1 -1 -1 -1 -1 -1 -1 -1 0 0 0 0 0 0 0 0 0 0
55 0 40004 -1 -1 -1 -1 -1 -1 -1 -1 -1 -1 0 0 0 0 0 0 0 0 0 0
56 0 40005 -1 -1 -1 -1 -1 -1 -1 -1 -1 -1 0 0 0 0 0 0 0 0 0 0
57 0 40006 -1 -1 -1 -1 -1 -1 -1 -1 -1 -1 0 0 0 0 0 0 0 0 0 0
58 0 40007 -1 -1 -1 -1 -1 -1 -1 -1 -1 -1 0 0 0 0 0 0 0 0 0 0
59 0 40008 -1 -1 -1 -1 -1 -1 -1 -1 -1 -1 0 0 0 0 0 0 0 0 0 0
60 0 40009 -1 -1 -1 -1 -1 -1 -1 -1 -1 -1 0 0 0 0 0 0 0 0 0 0
61 0 40010 -1 -1 -1 -1 -1 -1 -1 -1 -1 -1 0 0 0 0 0 0 0 0 0 0
62 0 40011 -1 -1 -1 -1 -1 -1 -1 -1 -1 -1 0 0 0 0 0 0 0 0 0 0
63 0 40012 -1 -1 -1 -1 -1 -1 -1 -1 -1 -1 0 0 0 0 0 0 0 0 0 0
64 0 40013 -1 -1 -1 -1 -1 -1 -1 -1 -1 -1 0 0 0 0 0 0 0 0 0 0
65 0 40014 -1 -1 -1 -1 -1 -1 -1 -1 -1 -1 0 0 0 0 0 0 0 0 0 0
66 0 40015 -1 -1 -1 -1 -1 -1 -1 -1 -1 -1 0 0 0 0 0 0 0 0 0 0
67 0 40016 -1 -1 -1 -1 -1 -1 -1 -1 -1 -1 0 0 0 0 0 0 0 0 0 0
68 0 40017 -1 -1 -1 -1 -1 -1 -1 -1 -1 -1 0 0 0 0 0 0 0 0 0 0
69 0 50001 -1 -1 -1 -1 -1 -1 -1 -1 -1 -1 0 0 0 0 0 0 0 0 0 0
70 0 50002 -1 -1 -1 -1 -1 -1 -1 -1 -1 -1 0 0 0 0 0 0 0 0 0 0
71 0 50003 -1 -1 -1 -1 -1 -1 -1 -1 -1 -1 0 0 0 0 0 0 0 0 0 0
72 0 50004 -1 -1 -1 -1 -1 -1 -1 -1 -1 -1 0 0 0 0 0 0 0 0 0 0
73 0 50005 -1 -1 -1 -1 -1 -1 -1 -1 -1 -1 0 0 0 0 0 0 0 0 0 0
74 0 50006 -1 -1 -1 -1 -1 -1 -1 -1 -1 -1 0 0 0 0 0 0 0 0 0 0
75 0 50007 -1 -1 -1 -1 -1 -1 -1 -1 -1 -1 0 0 0 0 0 0 0 0 0 0
76 0 50008 -1 -1 -1 -1 -1 -1 -1 -1 -1 -1 0 0 0 0 0 0 0 0 0 0
77 0 50009 -1 -1 -1 -1 -1 -1 -1 -1 -1 -1 0 0 0 0 0 0 0 0 0 0
78 0 50010 -1 -1 -1 -1 -1 -1 -1 -1 -1 -1 0 0 0 0 0 0 0 0 0 0
79 0 50011 -1 -1 -1 -1 -1 -1 -1 -1 -1 -1 0 0 0 0 0 0 0 0 0 0
80 0 50012 -1 -1 -1 -1 -1 -1 -1 -1 -1 -1 0 0 0 0 0 0 0 0 0 0
81 0 50013 -1 -1 -1 -1 -1 -1 -1 -1 -1 -1 0 0 0 0 0 0 0 0 0 0
82 0 50014 -1 -1 -1 -1 -1 -1 -1 -1 -1 -1 0 0 0 0 0 0 0 0 0 0
83 0 50015 -1 -1 -1 -1 -1 -1 -1 -1 -1 -1 0 0 0 0 0 0 0 0 0 0
84 0 50016 -1 -1 -1 -1 -1 -1 -1 -1 -1 -1 0 0 0 0 0 0 0 0 0 0
85 0 50017 -1 -1 -1 -1 -1 -1 -1 -1 -1 -1 0 0 0 0 0 0 0 0 0 0
86 0 50018 -1 -1 -1 -1 -1 -1 -1 -1 -1 -1 0 0 0 0 0 0 0 0 0 0
87 0 50019 -1 -1 -1 -1 -1 -1 -1 -1 -1 -1 0 0 0 0 0 0 0 0 0 0
88 0 50020 -1 -1 -1 -1 -1 -1 -1 -1 -1 -1 0 0 0 0 0 0 0 0 0 0
89 0 50021 -1 -1 -1 -1 -1 -1 -1 -1 -1 -1 0 0 0 0 0 0 0 0 0 0
90 0 50022 -1 -1 -1 -1 -1 -1 -1 -1 -1 -1 0 0 0 0 0 0 0 0 0 0
91 0 50023 -1 -1 -1 -1 -1 -1 -1 -1 -1 -1 0 0 0 0 0 0 0 0 0 0
92 0 50024 -1 -1 -1 -1 -1 -1 -1 -1 -1 -1 0 0 0 0 0 0 0 0 0 0
93 0 50025 -1 -1 -1 -1 -1 -1 -1 -1 -1 -1 0 0 0 0 0 0 0 0 0 0
94 0 50026 -1 -1 -1 -1 -1 -1 -1 -1 -1 -1 0 0 0 0 0 0 0 0 0 0
95 0 50027 -1 -1 -1 -1 -1 -1 -1 -1 -1 -1 0 0 0 0 0 0 0 0 0 0
96 0 50028 -1 -1 -1 -1 -1 -1 -1 -1 -1 -1 0 0 0 0 0 0 0 0 0 0
97 0 50029 -1 -1 -1 -1 -1 -1 -1 -1 -1 -1 0 0 0 0 0 0 0 0 0 0
98 0 50030 -1 -1 -1 -1 -1 -1 -1 -1 -1 -1 0 0 0 0 0 0 0 0 0 0
99 0 60001 -1 -1 -1 -1 -1 -1 -1 -1 -1 -1 0 0 0 0 0 0 0 0 0 0
100 0 60002 -1 -1 -1 -1 -1 -1 -1 -1 -1 -1 0 0 0 0 0 0 0 0 0 0
101 0 60003 -1 -1 -1 -1 -1 -1 -1 -1 -1 -1 0 0 0 0 0 0 0 0 0 0
102 0 60004 -1 -1 -1 -1 -1 -1 -1 -1 -1 -1 0 0 0 0 0 0 0 0 0 0
103 0 60005 -1 -1 -1 -1 -1 -1 -1 -1 -1 -1 0 0 0 0 0 0 0 0 0 0
104 0 60006 -1 -1 -1 -1 -1 -1 -1 -1 -1 -1 0 0 0 0 0 0 0 0 0 0
105 0 60007 -1 -1 -1 -1 -1 -1 -1 -1 -1 -1 0 0 0 0 0 0 0 0 0 0
106 0 60008 -1 -1 -1 -1 -1 -1 -1 -1 -1 -1 0 0 0 0 0 0 0 0 0 0
107 0 60009 -1 -1 -1 -1 -1 -1 -1 -1 -1 -1 0 0 0 0 0 0 0 0 0 0
108 0 60010 -1 -1 -1 -1 -1 -1 -1 -1 -1 -1 0 0 0 0 0 0 0 0 0 0
109 0 60011 -1 -1 -1 -1 -1 -1 -1 -1 -1 -1 0 0 0 0 0 0 0 0 0 0
110 0 60012 -1 -1 -1 -1 -1 -1 -1 -1 -1 -1 0 0 0 0 0 0 0 0 0 0
111 0 60013 -1 -1 -1 -1 -1 -1 -1 -1 -1 -1 0 0 0 0 0 0 0 0 0 0
112 0 60014 -1 -1 -1 -1 -1 -1 -1 -1 -1 -1 0 0 0 0 0 0 0 0 0 0
113 0 60015 -1 -1 -1 -1 -1 -1 -1 -1 -1 -1 0 0 0 0 0 0 0 0 0 0
114 0 60016 -1 -1 -1 -1 -1 -1 -1 -1 -1 -1 0 0 0 0 0 0 0 0 0 0
115 0 60017 -1 -1 -1 -1 -1 -1 -1 -1 -1 -1 0 0 0 0 0 0 0 0 0 0
116 0 60018 -1 -1 -1 -1 -1 -1 -1 -1 -1 -1 0 0 0 0 0 0 0 0 0 0
117 0 60019 -1 -1 -1 -1 -1 -1 -1 -1 -1 -1 0 0 0 0 0 0 0 0 0 0
118 0 60020 -1 -1 -1 -1 -1 -1 -1 -1 -1 -1 0 0 0 0 0 0 0 0 0 0
119 0 60021 -1 -1 -1 -1 -1 -1 -1 -1 -1 -1 0 0 0 0 0 0 0 0 0 0
120 0 60022 -1 -1 -1 -1 -1 -1 -1 -1 -1 -1 0 0 0 0 0 0 0 0 0 0
121 0 60023 -1 -1 -1 -1 -1 -1 -1 -1 -1 -1 0 0 0 0 0 0 0 0 0 0
122 0 60024 -1 -1 -1 -1 -1 -1 -1 -1 -1 -1 0 0 0 0 0 0 0 0 0 0
123 0 60025 -1 -1 -1 -1 -1 -1 -1 -1 -1 -1 0 0 0 0 0 0 0 0 0 0
124 0 60026 -1 -1 -1 -1 -1 -1 -1 -1 -1 -1 0 0 0 0 0 0 0 0 0 0
125 0 60027 -1 -1 -1 -1 -1 -1 -1 -1 -1 -1 0 0 0 0 0 0 0 0 0 0
126 0 60028 -1 -1 -1 -1 -1 -1 -1 -1 -1 -1 0 0 0 0 0 0 0 0 0 0
127 0 60029 -1 -1 -1 -1 -1 -1 -1 -1 -1 -1 0 0 0 0 0 0 0 0 0 0
128 0 60030 -1 -1 -1 -1 -1 -1 -1 -1 -1 -1 0 0 0 0 0 0 0 0 0 0
129 0 70001 303623 0 0 0 0 0 0 0 0 0 267 0 0 0 0 0 0 0 0 0
130 0 70002 302823 0 0 0 0 0 0 0 0 0 258 0 0 0 0 0 0 0 0 0
131 0 70003 -1 -1 -1 -1 -1 -1 -1 -1 -1 -1 0 0 0 0 0 0 0 0 0 0
132 0 70004 302823 0 0 0 0 0 0 0 0 0 1279 0 0 0 0 0 0 0 0 0
133 0 70005 302823 0 0 0 0 0 0 0 0 0 1309 0 0 0 0 0 0 0 0 0
134 0 70006 302823 0 0 0 0 0 0 0 0 0 2965 0 0 0 0 0 0 0 0 0
135 0 70007 -1 -1 -1 -1 -1 -1 -1 -1 -1 -1 0 0 0 0 0 0 0 0 0 0
136 0 70008 303624 0 0 0 0 0 0 0 0 0 1284 0 0 0 0 0 0 0 0 0
137 0 70009 302823 0 0 0 0 0 0 0 0 0 3306 0 0 0 0 0 0 0 0 0
138 0 70010 302823 0 0 0 0 0 0 0 0 0 1185 0 0 0 0 0 0 0 0 0
139 0 70011 -1 -1 -1 -1 -1 -1 -1 -1 -1 -1 0 0 0 0 0 0 0 0 0 0
140 0 70012 302823 0 0 0 0 0 0 0 0 0 1352 0 0 0 0 0 0 0 0 0
141 0 70013 303624 0 0 0 0 0 0 0 0 0 1329 0 0 0 0 0 0 0 0 0
142 0 70014 302823 0 0 0 0 0 0 0 0 0 1265 0 0 0 0 0 0 0 0 0
143 0 70015 302823 0 0 0 0 0 0 0 0 0 3566 0 0 0 0 0 0 0 0 0
144 0 70016 302823 0 0 0 0 0 0 0 0 0 1322 0 0 0 0 0 0 0 0 0
145 0 70017 -1 -1 -1 -1 -1 -1 -1 -1 -1 -1 0 0 0 0 0 0 0 0 0 0
146 0 70018 303623 0 0 0 0 0 0 0 0 0 3557 0 0 0 0 0 0 0 0 0
147 0 70019 303784 0 0 0 0 0 0 0 0 0 3551 0 0 0 0 0 0 0 0 0
148 0 70020 303624 0 0 0 0 0 0 0 0 0 1304 0 0 0 0 0 0 0 0 0
149 0 70021 303623 0 0 0 0 0 0 0 0 0 3160 0 0 0 0 0 0 0 0 0
150 0 70022 -1 -1 -1 -1 -1 -1 -1 -1 -1 -1 0 0 0 0 0 0 0 0 0 0
151 0 70023 302982 0 0 0 0 0 0 0 0 0 3141 0 0 0 0 0 0 0 0 0
152 0 70024 302823 0 0 0 0 0 0 0 0 0 1211 0 0 0 0 0 0 0 0 0
153 0 70025 -1 -1 -1 -1 -1 -1 -1 -1 -1 -1 0 0 0 0 0 0 0 0 0 0
154 0 70026 302824 0 0 0 0 0 0 0 0 0 3247 0 0 0 0 0 0 0 0 0
155 0 70027 302823 0 0 0 0 0 0 0 0 0 3216 0 0 0 0 0 0 0 0 0
156 0 70028 -1 -1 -1 -1 -1 -1 -1 -1 -1 -1 0 0 0 0 0 0 0 0 0 0
157 0 70029 302822 0 0 0 0 0 0 0 0 0 616 0 0 0 0 0 0 0 0 0
158 0 70030 302823 0 0 0 0 0 0 0 0 0 3314 0 0 0 0 0 0 0 0 0
159 0 80001 -1 -1 -1 -1 -1 -1 -1 -1 -1 -1 0 0 0 0 0 0 0 0 0 0
160 0 80002 -1 -1 -1 -1 -1 -1 -1 -1 -1 -1 0 0 0 0 0 0 0 0 0 0
161 0 80003 -1 -1 -1 -1 -1 -1 -1 -1 -1 -1 0 0 0 0 0 0 0 0 0 0
162 0 80004 -1 -1 -1 -1 -1 -1 -1 -1 -1 -1 0 0 0 0 0 0 0 0 0 0
163 0 80005 -1 -1 -1 -1 -1 -1 -1 -1 -1 -1 0 0 0 0 0 0 0 0 0 0
164 0 80006 -1 -1 -1 -1 -1 -1 -1 -1 -1 -1 0 0 0 0 0 0 0 0 0 0
165 0 80007 -1 -1 -1 -1 -1 -1 -1 -1 -1 -1 0 0 0 0 0 0 0 0 0 0
166 0 80008 -1 -1 -1 -1 -1 -1 -1 -1 -1 -1 0 0 0 0 0 0 0 0 0 0
167 0 80009 -1 -1 -1 -1 -1 -1 -1 -1 -1 -1 0 0 0 0 0 0 0 0 0 0
168 0 80010 -1 -1 -1 -1 -1 -1 -1 -1 -1 -1 0 0 0 0 0 0 0 0 0 0
169 0 80011 -1 -1 -1 -1 -1 -1 -1 -1 -1 -1 0 0 0 0 0 0 0 0 0 0
170 0 80012 -1 -1 -1 -1 -1 -1 -1 -1 -1 -1 0 0 0 0 0 0 0 0 0 0
171 0 80013 -1 -1 -1 -1 -1 -1 -1 -1 -1 -1 0 0 0 0 0 0 0 0 0 0
172 0 80014 -1 -1 -1 -1 -1 -1 -1 -1 -1 -1 0 0 0 0 0 0 0 0 0 0
173 0 80015 -1 -1 -1 -1 -1 -1 -1 -1 -1 -1 0 0 0 0 0 0 0 0 0 0
174 0 80016 -1 -1 -1 -1 -1 -1 -1 -1 -1 -1 0 0 0 0 0 0 0 0 0 0
175 0 80017 -1 -1 -1 -1 -1 -1 -1 -1 -1 -1 0 0 0 0 0 0 0 0 0 0
176 0 80018 -1 -1 -1 -1 -1 -1 -1 -1 -1 -1 0 0 0 0 0 0 0 0 0 0
177 0 80019 -1 -1 -1 -1 -1 -1 -1 -1 -1 -1 0 0 0 0 0 0 0 0 0 0
178 0 80020 -1 -1 -1 -1 -1 -1 -1 -1 -1 -1 0 0 0 0 0 0 0 0 0 0
179 0 80021 -1 -1 -1 -1 -1 -1 -1 -1 -1 -1 0 0 0 0 0 0 0 0 0 0
180 0 80022 -1 -1 -1 -1 -1 -1 -1 -1 -1 -1 0 0 0 0 0 0 0 0 0 0
181 0 80023 -1 -1 -1 -1 -1 -1 -1 -1 -1 -1 0 0 0 0 0 0 0 0 0 0
182 0 80024 -1 -1 -1 -1 -1 -1 -1 -1 -1 -1 0 0 0 0 0 0 0 0 0 0
183 0 80025 -1 -1 -1 -1 -1 -1 -1 -1 -1 -1 0 0 0 0 0 0 0 0 0 0
184 0 80026 -1 -1 -1 -1 -1 -1 -1 -1 -1 -1 0 0 0 0 0 0 0 0 0 0
185 0 80027 -1 -1 -1 -1 -1 -1 -1 -1 -1 -1 0 0 0 0 0 0 0 0 0 0
186 0 80028 -1 -1 -1 -1 -1 -1 -1 -1 -1 -1 0 0 0 0 0 0 0 0 0 0
187 0 80029 -1 -1 -1 -1 -1 -1 -1 -1 -1 -1 0 0 0 0 0 0 0 0 0 0
188 0 80030 -1 -1 -1 -1 -1 -1 -1 -1 -1 -1 0 0 0 0 0 0 0 0 0 0
189 0 90001 -1 -1 -1 -1 -1 -1 -1 -1 -1 -1 0 0 0 0 0 0 0 0 0 0
190 0 90002 -1 -1 -1 -1 -1 -1 -1 -1 -1 -1 0 0 0 0 0 0 0 0 0 0
191 0 90003 -1 -1 -1 -1 -1 -1 -1 -1 -1 -1 0 0 0 0 0 0 0 0 0 0
192 0 90004 -1 -1 -1 -1 -1 -1 -1 -1 -1 -1 0 0 0 0 0 0 0 0 0 0
193 0 90005 -1 -1 -1 -1 -1 -1 -1 -1 -1 -1 0 0 0 0 0 0 0 0 0 0
194 0 90006 -1 -1 -1 -1 -1 -1 -1 -1 -1 -1 0 0 0 0 0 0 0 0 0 0
195 0 90007 -1 -1 -1 -1 -1 -1 -1 -1 -1 -1 0 0 0 0 0 0 0 0 0 0
196 0 90008 -1 -1 -1 -1 -1 -1 -1 -1 -1 -1 0 0 0 0 0 0 0 0 0 0
197 0 90009 -1 -1 -1 -1 -1 -1 -1 -1 -1 -1 0 0 0 0 0 0 0 0 0 0
198 0 90010 -1 -1 -1 -1 -1 -1 -1 -1 -1 -1 0 0 0 0 0 0 0 0 0 0
199 0 90011 -1 -1 -1 -1 -1 -1 -1 -1 -1 -1 0 0 0 0 0 0 0 0 0 0
200 0 90012 -1 -1 -1 -1 -1 -1 -1 -1 -1 -1 0 0 0 0 0 0 0 0 0 0
201 0 90013 -1 -1 -1 -1 -1 -1 -1 -1 -1 -1 0 0 0 0 0 0 0 0 0 0
202 0 90014 -1 -1 -1 -1 -1 -1 -1 -1 -1 -1 0 0 0 0 0 0 0 0 0 0
203 0 90015 -1 -1 -1 -1 -1 -1 -1 -1 -1 -1 0 0 0 0 0 0 0 0 0 0
204 0 90016 -1 -1 -1 -1 -1 -1 -1 -1 -1 -1 0 0 0 0 0 0 0 0 0 0
205 0 90017 -1 -1 -1 -1 -1 -1 -1 -1 -1 -1 0 0 0 0 0 0 0 0 0 0
206 0 90018 -1 -1 -1 -1 -1 -1 -1 -1 -1 -1 0 0 0 0 0 0 0 0 0 0
207 0 90019 -1 -1 -1 -1 -1 -1 -1 -1 -1 -1 0 0 0 0 0 0 0 0 0 0
208 0 90020 -1 -1 -1 -1 -1 -1 -1 -1 -1 -1 0 0 0 0 0 0 0 0 0 0
209 0 90021 -1 -1 -1 -1 -1 -1 -1 -1 -1 -1 0 0 0 0 0 0 0 0 0 0
210 0 90022 -1 -1 -1 -1 -1 -1 -1 -1 -1 -1 0 0 0 0 0 0 0 0 0 0
211 0 90023 -1 -1 -1 -1 -1 -1 -1 -1 -1 -1 0 0 0 0 0 0 0 0 0 0
212 0 90024 -1 -1 -1 -1 -1 -1 -1 -1 -1 -1 0 0 0 0 0 0 0 0 0 0
213 0 90025 -1 -1 -1 -1 -1 -1 -1 -1 -1 -1 0 0 0 0 0 0 0 0 0 0
214 0 90026 -1 -1 -1 -1 -1 -1 -1 -1 -1 -1 0 0 0 0 0 0 0 0 0 0
215 0 90027 -1 -1 -1 -1 -1 -1 -1 -1 -1 -1 0 0 0 0 0 0 0 0 0 0
216 0 90028 -1 -1 -1 -1 -1 -1 -1 -1 -1 -1 0 0 0 0 0 0 0 0 0 0
217 0 90029 -1 -1 -1 -1 -1 -1 -1 -1 -1 -1 0 0 0 0 0 0 0 0 0 0
218 0 90030 -1 -1 -1 -1 -1 -1 -1 -1 -1 -1 0 0 0 0 0 0 0 0 0 0
219 0 101001 -1 -1 -1 -1 -1 -1 -1 -1 -1 -1 0 0 0 0 0 0 0 0 0 0
220 0 101002 -1 -1 -1 -1 -1 -1 -1 -1 -1 -1 0 0 0 0 0 0 0 0 0 0
221 0 101003 -1 -1 -1 -1 -1 -1 -1 -1 -1 -1 0 0 0 0 0 0 0 0 0 0
222 0 101004 -1 -1 -1 -1 -1 -1 -1 -1 -1 -1 0 0 0 0 0 0 0 0 0 0
223 0 101005 -1 -1 -1 -1 -1 -1 -1 -1 -1 -1 0 0 0 0 0 0 0 0 0 0
224 0 101006 -1 -1 -1 -1 -1 -1 -1 -1 -1 -1 0 0 0 0 0 0 0 0 0 0
225 0 101007 -1 -1 -1 -1 -1 -1 -1 -1 -1 -1 0 0 0 0 0 0 0 0 0 0
226 0 101008 -1 -1 -1 -1 -1 -1 -1 -1 -1 -1 0 0 0 0 0 0 0 0 0 0
227 0 101009 -1 -1 -1 -1 -1 -1 -1 -1 -1 -1 0 0 0 0 0 0 0 0 0 0
228 0 101010 -1 -1 -1 -1 -1 -1 -1 -1 -1 -1 0 0 0 0 0 0 0 0 0 0
229 0 101011 -1 -1 -1 -1 -1 -1 -1 -1 -1 -1 0 0 0 0 0 0 0 0 0 0
230 0 101012 -1 -1 -1 -1 -1 -1 -1 -1 -1 -1 0 0 0 0 0 0 0 0 0 0
231 0 101013 -1 -1 -1 -1 -1 -1 -1 -1 -1 -1 0 0 0 0 0 0 0 0 0 0
232 0 101014 -1 -1 -1 -1 -1 -1 -1 -1 -1 -1 0 0 0 0 0 0 0 0 0 0
233 0 101015 -1 -1 -1 -1 -1 -1 -1 -1 -1 -1 0 0 0 0 0 0 0 0 0 0
234 0 101016 -1 -1 -1 -1 -1 -1 -1 -1 -1 -1 0 0 0 0 0 0 0 0 0 0
235 0 101017 -1 -1 -1 -1 -1 -1 -1 -1 -1 -1 0 0 0 0 0 0 0 0 0 0
236 0 101018 -1 -1 -1 -1 -1 -1 -1 -1 -1 -1 0 0 0 0 0 0 0 0 0 0
237 0 101019 -1 -1 -1 -1 -1 -1 -1 -1 -1 -1 0 0 0 0 0 0 0 0 0 0
238 0 101020 -1 -1 -1 -1 -1 -1 -1 -1 -1 -1 0 0 0 0 0 0 0 0 0 0
239 0 102001 -1 -1 -1 -1 -1 -1 -1 -1 -1 -1 0 0 0 0 0 0 0 0 0 0
240 0 102002 -1 -1 -1 -1 -1 -1 -1 -1 -1 -1 0 0 0 0 0 0 0 0 0 0
241 0 102003 -1 -1 -1 -1 -1 -1 -1 -1 -1 -1 0 0 0 0 0 0 0 0 0 0
242 0 102004 -1 -1 -1 -1 -1 -1 -1 -1 -1 -1 0 0 0 0 0 0 0 0 0 0
243 0 102005 -1 -1 -1 -1 -1 -1 -1 -1 -1 -1 0 0 0 0 0 0 0 0 0 0
244 0 102006 -1 -1 -1 -1 -1 -1 -1 -1 -1 -1 0 0 0 0 0 0 0 0 0 0
245 0 102007 -1 -1 -1 -1 -1 -1 -1 -1 -1 -1 0 0 0 0 0 0 0 0 0 0
246 0 102008 -1 -1 -1 -1 -1 -1 -1 -1 -1 -1 0 0 0 0 0 0 0 0 0 0
247 0 102009 -1 -1 -1 -1 -1 -1 -1 -1 -1 -1 0 0 0 0 0 0 0 0 0 0
248 0 102010 -1 -1 -1 -1 -1 -1 -1 -1 -1 -1 0 0 0 0 0 0 0 0 0 0
249 0 102011 -1 -1 -1 -1 -1 -1 -1 -1 -1 -1 0 0 0 0 0 0 0 0 0 0
250 0 102012 -1 -1 -1 -1 -1 -1 -1 -1 -1 -1 0 0 0 0 0 0 0 0 0 0
251 0 102013 -1 -1 -1 -1 -1 -1 -1 -1 -1 -1 0 0 0 0 0 0 0 0 0 0
252 0 102014 -1 -1 -1 -1 -1 -1 -1 -1 -1 -1 0 0 0 0 0 0 0 0 0 0
253 0 102015 -1 -1 -1 -1 -1 -1 -1 -1 -1 -1 0 0 0 0 0 0 0 0 0 0
254 0 102016 -1 -1 -1 -1 -1 -1 -1 -1 -1 -1 0 0 0 0 0 0 0 0 0 0
255 0 102017 -1 -1 -1 -1 -1 -1 -1 -1 -1 -1 0 0 0 0 0 0 0 0 0 0
256 0 102018 -1 -1 -1 -1 -1 -1 -1 -1 -1 -1 0 0 0 0 0 0 0 0 0 0
257 0 102019 -1 -1 -1 -1 -1 -1 -1 -1 -1 -1 0 0 0 0 0 0 0 0 0 0
258 0 102020 -1 -1 -1 -1 -1 -1 -1 -1 -1 -1 0 0 0 0 0 0 0 0 0 0

[StockData]
IDNUM N PA PB PC PD PE PF PG PH PI PJ TA TB TC TD TE TF TG TH TI TJ Force LdFrmW WaferRot
112 70001 267 0 0 0 0 0 0 0 0 0 303623 0 0 0 0 0 0 0 0 0 0 0.000 0
113 70002 258 0 0 0 0 0 0 0 0 0 302823 0 0 0 0 0 0 0 0 0 0 0.000 0
115 70004 1279 0 0 0 0 0 0 0 0 0 302823 0 0 0 0 0 0 0 0 0 0 0.000 0
116 70005 1309 0 0 0 0 0 0 0 0 0 302823 0 0 0 0 0 0 0 0 0 0 0.000 0
117 70006 2965 0 0 0 0 0 0 0 0 0 302823 0 0 0 0 0 0 0 0 0 0 0.000 0
118 70008 1284 0 0 0 0 0 0 0 0 0 303624 0 0 0 0 0 0 0 0 0 0 0.000 0
119 70009 3306 0 0 0 0 0 0 0 0 0 302823 0 0 0 0 0 0 0 0 0 0 0.000 0
120 70010 1185 0 0 0 0 0 0 0 0 0 302823 0 0 0 0 0 0 0 0 0 0 0.000 0
122 70012 1352 0 0 0 0 0 0 0 0 0 302823 0 0 0 0 0 0 0 0 0 0 0.000 0
123 70013 1329 0 0 0 0 0 0 0 0 0 303624 0 0 0 0 0 0 0 0 0 0 0.000 0
124 70014 1265 0 0 0 0 0 0 0 0 0 302823 0 0 0 0 0 0 0 0 0 0 0.000 0
125 70015 3566 0 0 0 0 0 0 0 0 0 302823 0 0 0 0 0 0 0 0 0 0 0.000 0
126 70016 1322 0 0 0 0 0 0 0 0 0 302823 0 0 0 0 0 0 0 0 0 0 0.000 0
128 70018 3557 0 0 0 0 0 0 0 0 0 303623 0 0 0 0 0 0 0 0 0 0 0.000 0
129 70019 3551 0 0 0 0 0 0 0 0 0 303784 0 0 0 0 0 0 0 0 0 0 0.000 0
130 70020 1304 0 0 0 0 0 0 0 0 0 303624 0 0 0 0 0 0 0 0 0 0 0.000 0
131 70021 3160 0 0 0 0 0 0 0 0 0 303623 0 0 0 0 0 0 0 0 0 0 0.000 0
133 70023 3141 0 0 0 0 0 0 0 0 0 302982 0 0 0 0 0 0 0 0 0 0 0.000 0
134 70024 1211 0 0 0 0 0 0 0 0 0 302823 0 0 0 0 0 0 0 0 0 0 0.000 0
136 70026 3247 0 0 0 0 0 0 0 0 0 302824 0 0 0 0 0 0 0 0 0 0 0.000 0
137 70027 3216 0 0 0 0 0 0 0 0 0 302823 0 0 0 0 0 0 0 0 0 0 0.000 0
139 70029 616 0 0 0 0 0 0 0 0 0 302822 0 0 0 0 0 0 0 0 0 0 0.000 0
140 70030 3314 0 0 0 0 0 0 0 0 0 302823 0 0 0 0 0 0 0 0 0 0 0.000 0

[VstockData<1>]
IDNUM N PA PB PC PD PE PF PG PH PI PJ TA TB TC TD TE TF TG TH TI TJ Force LdFrmW WaferRot

[USER_ExportOptions]
Lot="fixfeeder-oled"

[PartsInspectSkipKind]
IDNUM PARTS KIND
258 258 0
267 267 0
616 616 0
1185 1185 0
1211 1211 0
1265 1265 0
1279 1279 0
1284 1284 0
1304 1304 0
1309 1309 0
1322 1322 0
1329 1329 0
1352 1352 0
2965 2965 0
3141 3141 0
3160 3160 0
3216 3216 0
3247 3247 0
3306 3306 0
3314 3314 0
3551 3551 0
3557 3557 0
3566 3566 0

